Ambient Temperature(C): 22.3
Ambient Pressure(in Hg): 
Time(s)	T1(Deg C)	Wall Temp(Deg C)	Top Plate(Deg C)	Bottom Plate(Deg C)	P1(PSI)	P2(PSI)	Mass Flowrate(g/min)	Heater Energy (kJ)

0.00	35.90	37.20	32.00	27.30	0.90	1.80	0.00	0.00
0.10	35.90	37.20	32.00	27.30	0.90	1.80	0.00	0.00
0.20	35.90	37.20	31.90	27.40	0.10	1.80	0.00	0.00
0.30	35.90	37.20	31.90	27.40	0.70	1.80	0.00	0.00
0.40	36.10	37.20	32.00	27.40	1.00	1.80	0.00	0.00
0.50	36.00	37.10	31.90	27.30	1.00	1.80	0.00	0.00
0.60	36.00	37.10	31.90	27.30	0.70	2.10	0.00	0.00
0.70	36.10	37.20	32.00	27.20	1.50	1.70	0.00	0.00
0.80	36.00	37.20	31.90	27.30	1.00	2.10	0.00	0.00
0.90	36.00	37.20	31.90	27.30	0.90	1.80	0.00	0.00
1.00	36.10	37.30	32.00	27.40	1.00	2.90	0.00	0.00
1.10	36.00	37.10	31.90	27.30	0.70	2.00	0.00	0.00
1.20	36.00	37.10	31.90	27.30	0.40	1.50	0.00	0.00
1.30	36.20	37.20	32.00	27.40	0.70	2.00	0.00	0.00
1.40	36.20	37.20	32.00	27.40	0.40	2.10	0.00	0.00
1.50	36.10	37.00	31.90	27.30	0.40	2.10	0.00	0.00
1.60	36.20	37.20	32.00	27.20	0.70	1.80	0.00	0.00
1.70	36.20	37.20	32.00	27.20	0.70	2.10	0.00	0.00
1.80	36.20	37.20	31.90	27.30	1.00	1.50	0.00	0.00
1.90	36.20	37.20	31.90	27.30	0.70	1.80	0.00	0.00
2.00	36.30	37.20	32.00	27.30	1.20	1.70	0.00	0.00
2.10	36.30	37.30	32.00	27.50	0.90	2.70	0.00	0.00
2.20	36.30	37.30	32.00	27.50	0.70	2.00	0.00	0.00
2.30	36.20	37.20	32.00	27.40	0.70	2.10	0.00	0.00
2.40	36.20	37.20	32.00	27.40	0.70	2.10	0.00	0.00
2.50	36.20	37.20	32.00	27.40	0.70	1.20	0.00	0.00
2.60	36.30	37.20	32.10	27.40	0.70	1.80	0.00	0.00
2.70	36.30	37.20	32.00	27.40	0.70	2.10	0.00	0.00
2.80	36.30	37.20	32.00	27.40	1.20	2.00	0.00	0.00
2.90	36.30	37.20	32.10	27.30	0.70	1.70	0.00	0.00
3.00	36.30	37.10	31.90	27.30	0.70	1.70	0.00	0.00
3.10	36.30	37.10	31.90	27.30	0.90	1.80	0.00	0.00
3.20	36.30	37.20	31.90	27.40	0.70	1.80	0.00	0.00
3.30	36.40	37.20	32.00	27.40	0.70	1.80	0.00	0.00
3.40	36.40	37.20	32.00	27.40	0.60	2.00	0.00	0.00
3.50	36.40	37.20	31.90	27.40	2.40	2.00	0.00	0.00
3.60	36.40	37.20	32.10	27.30	0.70	2.10	0.00	0.00
3.70	36.40	37.20	32.10	27.30	1.20	2.00	0.00	0.00
3.80	36.50	37.20	31.90	27.30	0.90	2.10	0.00	0.00
3.90	36.40	37.20	32.00	27.40	0.70	1.80	0.00	0.00
4.00	36.40	37.20	32.00	27.40	0.90	2.00	0.00	0.00
4.10	36.50	37.20	31.90	27.30	0.90	2.00	0.00	0.00
4.20	36.40	37.10	31.90	27.20	1.00	2.00	0.00	0.00
4.30	36.40	37.10	31.90	27.20	1.00	2.00	0.00	0.00
4.40	36.60	37.10	31.90	27.30	0.70	1.50	0.00	0.00
4.50	36.60	37.10	31.90	27.30	0.90	1.80	0.00	0.00
4.60	36.50	37.20	32.00	27.40	0.90	1.80	0.00	0.00
4.70	36.60	37.30	32.00	27.30	0.60	1.70	0.00	0.00
4.80	36.60	37.30	32.00	27.30	0.90	1.80	0.00	0.00
4.90	36.50	37.20	32.00	27.30	0.70	1.80	0.00	0.00
5.00	36.50	37.20	32.00	27.40	0.90	2.00	0.00	0.00
5.10	36.50	37.20	32.00	27.40	1.00	1.80	0.00	0.00
5.20	36.50	37.20	31.80	27.30	1.00	1.80	0.00	0.00
5.30	36.60	37.20	32.00	27.40	1.00	1.80	0.00	0.00
5.40	36.60	37.20	32.00	27.40	1.50	2.30	0.00	0.00
5.50	36.50	37.20	31.90	27.30	0.70	2.10	0.00	0.00
5.60	36.50	37.10	31.90	27.30	0.90	2.10	0.00	0.00
5.70	36.50	37.10	31.90	27.30	1.00	1.80	9.98	0.00
5.80	36.50	37.10	31.80	27.20	0.90	2.10	19.36	0.00
5.90	36.50	37.10	31.80	27.20	1.20	1.80	30.75	0.00
6.00	36.70	37.20	32.00	27.40	1.20	2.00	43.64	0.00
6.10	36.90	37.20	32.00	27.40	1.50	2.40	48.54	0.00
6.20	36.90	37.20	32.00	27.40	1.50	2.40	49.74	0.00
6.30	37.10	37.10	31.90	27.20	1.50	2.90	49.93	0.00
6.40	37.20	37.20	32.00	27.50	2.10	3.50	49.98	0.00
6.50	37.20	37.20	32.00	27.50	1.60	1.50	49.97	0.00
6.60	37.50	37.20	31.90	27.30	2.30	1.50	49.98	0.00
6.70	37.80	37.10	31.90	27.30	2.40	1.70	49.98	0.00
6.80	37.80	37.10	31.90	27.30	2.70	0.70	49.99	0.00
6.90	38.00	37.20	32.00	27.40	2.40	2.00	49.99	0.00
7.00	38.30	37.10	32.00	27.30	2.70	2.00	49.98	0.00
7.10	38.30	37.10	32.00	27.30	2.70	2.00	49.99	0.00
7.20	38.70	37.10	32.00	27.40	3.30	2.00	49.99	0.00
7.30	38.80	37.10	31.80	27.30	3.30	2.00	49.99	0.00
7.40	38.80	37.10	31.80	27.30	3.50	1.50	49.99	0.00
7.50	39.00	37.10	31.90	27.20	3.80	2.30	49.99	0.00
7.60	39.00	37.10	31.90	27.20	3.70	2.10	50.00	0.00
7.70	39.30	37.10	31.90	27.20	4.00	1.70	49.99	0.00
7.80	39.70	37.20	32.00	27.40	4.30	2.00	50.00	0.00
7.90	39.70	37.20	32.00	27.40	4.30	1.70	49.99	0.00
8.00	39.80	37.20	32.00	27.40	4.30	1.80	50.00	0.00
8.10	39.80	37.20	32.00	27.40	4.30	1.80	50.00	0.00
8.20	40.00	37.10	31.90	27.30	4.60	2.60	49.99	0.00
8.30	40.20	37.20	32.00	27.30	4.70	1.30	49.99	0.00
8.40	40.20	37.20	32.00	27.30	5.00	1.70	49.99	0.00
8.50	40.20	37.20	32.00	27.40	5.00	2.00	49.99	0.00
8.60	40.40	37.20	32.00	27.40	5.30	1.80	50.00	0.00
8.70	40.40	37.20	32.00	27.40	5.70	2.00	49.99	0.00
8.80	40.50	37.10	31.80	27.30	5.70	2.00	50.00	0.00
8.90	40.60	37.10	31.90	27.40	5.50	1.50	49.99	0.00
9.00	40.60	37.10	31.90	27.40	5.70	2.30	49.99	0.00
9.10	40.80	37.20	31.90	27.30	6.00	1.80	49.99	0.00
9.20	40.90	37.20	31.80	27.30	6.00	1.80	50.00	0.00
9.30	40.90	37.20	31.80	27.30	6.10	2.10	49.99	0.00
9.40	40.90	37.20	31.80	27.40	6.40	1.70	49.99	0.00
9.50	41.20	37.40	32.10	27.40	6.40	2.00	49.99	0.00
9.60	41.20	37.40	32.10	27.40	6.70	1.70	49.99	0.00
9.70	41.20	37.20	32.00	27.40	6.60	2.00	50.00	0.00
9.80	41.20	37.20	32.00	27.40	7.70	1.70	49.99	0.00
9.90	41.30	37.10	31.90	27.30	7.50	2.10	50.00	0.00
10.00	41.40	37.10	31.90	27.20	7.50	2.10	49.99	0.00
10.10	41.40	37.10	31.90	27.20	7.20	2.00	49.99	0.00
10.20	41.50	37.20	32.10	27.40	6.90	1.80	49.98	0.00
10.30	41.40	37.00	32.00	27.30	7.50	2.30	49.98	0.00
10.40	41.40	37.00	32.00	27.30	7.80	1.80	49.98	0.00
10.50	41.40	37.10	31.90	27.30	8.30	1.80	49.98	0.00
10.60	41.40	37.00	32.00	27.30	8.00	2.00	49.98	0.00
10.70	41.40	37.00	32.00	27.30	9.00	2.10	49.99	0.00
10.80	41.70	37.10	31.90	27.40	8.40	1.80	49.99	0.00
10.90	41.60	37.20	31.90	27.30	8.30	2.10	49.99	0.00
11.00	41.60	37.20	31.90	27.30	8.30	2.10	50.00	0.00
11.10	41.60	37.10	31.90	27.30	8.90	1.80	49.99	0.00
11.20	41.60	37.10	31.90	27.30	8.70	2.00	50.00	0.00
11.30	41.70	37.10	32.00	27.40	9.30	2.10	50.00	0.00
11.40	41.70	37.20	31.90	27.30	9.30	1.80	49.99	0.00
11.50	41.70	37.20	31.90	27.30	9.70	2.10	50.00	0.00
11.60	41.70	37.20	31.90	27.40	9.20	2.30	49.99	0.00
11.70	41.80	37.20	31.90	27.40	9.50	1.30	49.98	0.00
11.80	41.80	37.20	31.90	27.40	10.00	1.80	50.01	0.00
11.90	41.80	37.20	32.00	27.30	10.00	2.00	50.02	0.00
12.00	41.80	37.20	32.00	27.30	10.00	2.00	50.03	0.00
12.10	41.60	37.10	32.00	27.30	10.10	1.80	50.03	0.00
12.20	41.80	37.20	32.00	27.30	10.00	2.10	50.01	0.00
12.30	41.80	37.20	32.00	27.30	10.90	2.30	50.02	0.00
12.40	41.90	37.20	32.10	27.40	10.90	2.10	50.02	0.00
12.50	41.90	37.20	32.10	27.40	10.70	2.00	50.03	0.00
12.60	41.80	37.20	31.90	27.30	11.30	2.10	50.02	0.00
12.70	41.90	37.10	32.00	27.30	10.90	1.50	50.02	0.00
12.80	41.90	37.10	32.00	27.30	10.90	1.80	50.01	0.00
12.90	42.00	37.20	32.00	27.30	10.90	1.80	50.01	0.00
13.00	42.00	37.20	32.00	27.30	11.50	1.70	50.02	0.00
13.10	42.10	37.20	32.10	27.40	11.70	1.80	50.01	0.00
13.20	42.20	37.20	32.00	27.40	12.30	1.80	50.01	0.00
13.30	42.20	37.20	32.00	27.40	11.70	1.50	50.02	0.00
13.40	42.10	37.10	32.10	27.40	12.00	1.80	50.01	0.00
13.50	42.20	37.10	31.90	27.40	12.00	1.80	50.02	0.00
13.60	42.20	37.10	31.90	27.40	12.10	2.00	50.01	0.00
13.70	42.30	37.20	31.90	27.40	12.40	1.70	50.01	0.00
13.80	42.30	37.30	32.00	27.40	12.60	2.00	50.02	0.00
13.90	42.30	37.30	32.00	27.40	12.70	2.10	50.01	0.00
14.00	42.30	37.30	31.90	27.40	12.90	1.80	50.02	0.00
14.10	42.30	37.20	32.10	27.40	13.00	2.00	50.02	0.00
14.20	42.30	37.20	32.10	27.40	13.30	2.00	50.02	0.00
14.30	42.20	37.20	32.00	27.30	13.50	2.10	50.02	0.00
14.40	42.20	37.00	31.80	27.10	13.70	2.00	50.02	0.00
14.50	42.20	37.00	31.80	27.10	14.00	2.10	50.02	0.00
14.60	42.20	37.20	32.00	27.40	14.10	2.00	50.02	0.00
14.70	42.40	37.20	32.00	27.30	14.10	2.00	50.02	0.00
14.80	42.40	37.20	32.00	27.30	14.00	2.00	50.02	0.00
14.90	42.30	37.30	32.10	27.40	13.70	2.10	50.02	0.00
15.00	42.30	37.30	32.00	27.40	14.70	2.10	50.03	0.00
15.10	42.30	37.30	32.00	27.40	14.90	2.00	50.02	0.00
15.20	42.40	37.20	32.00	27.40	16.30	2.10	50.01	0.00
15.30	42.40	37.30	32.00	27.30	14.70	2.00	50.02	0.00
15.40	42.40	37.30	32.00	27.30	14.90	2.00	50.02	0.00
15.50	42.30	37.10	31.90	27.30	15.20	1.80	50.02	0.00
15.60	42.30	37.20	31.90	27.30	15.20	1.80	50.01	0.00
15.70	42.30	37.20	31.90	27.30	15.80	3.50	50.02	0.00
15.80	42.40	37.00	31.90	27.30	15.50	1.80	50.02	0.00
15.90	42.40	37.10	31.80	27.30	15.50	3.20	50.02	0.00
16.00	42.40	37.10	31.80	27.30	15.80	2.00	50.02	0.00
16.10	42.50	37.20	32.00	27.40	15.80	2.00	50.02	0.00
16.20	42.40	37.00	31.90	27.20	16.00	1.80	50.02	0.00
16.30	42.40	37.00	31.90	27.20	15.80	2.00	50.02	0.00
16.40	42.60	37.10	32.00	27.40	16.30	1.70	50.03	0.00
16.50	42.50	37.20	31.90	27.30	16.40	1.70	50.02	0.00
16.60	42.50	37.20	31.90	27.30	16.40	1.70	50.02	0.00
16.70	42.50	37.10	31.90	27.30	16.70	2.00	50.02	0.00
16.80	42.60	37.10	32.00	27.30	17.00	2.10	50.01	0.00
16.90	42.60	37.10	32.00	27.30	17.00	2.10	50.02	0.00
17.00	42.70	37.20	31.90	27.40	16.70	0.70	50.03	0.00
17.10	42.60	37.10	31.90	27.30	17.20	0.70	50.02	0.00
17.20	42.60	37.10	31.90	27.30	17.20	1.80	50.02	0.00
17.30	42.60	37.10	31.90	27.40	17.70	2.00	50.02	0.00
17.40	42.60	37.10	31.90	27.40	17.50	2.00	50.03	0.00
17.50	42.50	37.00	31.90	27.30	18.30	1.70	50.02	0.00
17.60	42.60	37.10	31.90	27.30	18.40	2.00	50.03	0.00
17.70	42.60	37.10	31.90	27.30	18.10	2.90	50.02	0.00
17.80	42.50	37.00	31.80	27.30	18.30	2.00	50.02	0.00
17.90	42.70	37.10	31.90	27.30	18.00	2.40	50.02	0.00
18.00	42.70	37.10	31.90	27.30	18.70	1.80	50.03	0.00
18.10	42.70	37.10	31.90	27.20	18.70	2.00	50.02	0.00
18.20	42.70	37.10	31.90	27.20	19.00	2.00	50.03	0.00
18.30	42.70	37.00	31.90	27.30	18.90	1.80	50.03	0.00
18.40	42.70	37.00	31.90	27.30	18.90	1.80	50.02	0.00
18.50	42.70	37.00	31.80	27.30	19.40	1.80	50.03	0.00
18.60	42.80	37.10	31.90	27.30	19.40	2.10	50.02	0.00
18.70	42.80	37.10	31.90	27.30	19.70	2.30	50.03	0.00
18.80	42.90	37.20	31.90	27.40	21.40	2.00	50.03	0.00
18.90	42.90	37.10	32.00	27.40	19.80	2.90	50.02	0.00
19.00	42.90	37.10	32.00	27.40	20.10	2.00	50.02	0.00
19.10	42.70	37.00	31.90	27.30	19.80	1.70	50.03	0.00
19.20	42.70	37.10	32.00	27.30	20.30	1.80	50.03	0.00
19.30	42.70	37.10	32.00	27.30	20.40	2.00	50.03	0.00
19.40	42.80	37.00	31.90	27.30	20.40	2.00	50.03	0.00
19.50	43.00	37.10	32.00	27.40	20.60	2.00	50.02	0.00
19.60	43.00	37.10	32.00	27.40	20.90	2.40	50.03	0.00
19.70	42.80	36.90	31.90	27.50	21.00	2.00	50.03	0.00
19.80	42.90	37.10	32.00	27.30	21.20	2.10	50.03	0.00
19.90	42.90	37.10	32.00	27.30	21.40	1.80	50.03	0.00
20.00	43.00	37.20	31.90	27.50	21.20	1.70	50.03	0.00
20.10	43.00	37.20	31.90	27.50	20.90	2.00	50.02	0.00
20.20	42.90	37.10	32.00	27.40	21.80	2.00	50.04	0.00
20.30	42.80	37.00	31.90	27.30	21.80	2.00	50.04	0.00
20.40	42.80	37.00	31.90	27.30	22.30	1.80	50.05	0.00
20.50	42.90	37.10	32.00	27.40	22.10	2.00	50.04	0.00
20.60	42.90	37.10	32.00	27.40	22.40	1.80	50.04	0.00
20.70	42.90	37.10	32.00	27.40	22.40	2.10	50.03	0.00
20.80	43.00	37.10	32.00	27.40	22.70	2.00	50.03	0.00
20.90	43.10	37.10	32.00	27.40	22.40	2.00	50.03	0.00
21.00	43.10	37.10	32.00	27.40	22.60	2.00	50.03	0.00
21.10	43.10	37.10	32.00	27.50	23.00	1.80	50.02	0.00
21.20	42.90	37.10	31.90	27.30	23.00	1.80	50.03	0.00
21.30	42.90	37.10	31.90	27.30	23.20	1.70	50.02	0.00
21.40	42.90	37.00	31.90	27.50	23.00	2.10	50.03	0.00
21.50	43.10	37.20	32.00	27.50	23.40	2.00	50.03	0.00
21.60	43.10	37.20	32.00	27.50	24.10	2.10	50.03	0.00
21.70	43.00	37.10	32.00	27.40	24.40	2.10	50.02	0.00
21.80	42.90	37.00	32.00	27.40	23.80	2.30	50.03	0.00
21.90	42.90	37.00	32.00	27.40	24.00	3.80	50.03	0.00
22.00	43.00	37.20	32.00	27.50	24.10	2.10	50.04	0.00
22.10	43.00	37.20	32.00	27.50	24.40	1.80	50.03	0.00
22.20	43.00	37.20	32.00	27.50	24.40	1.80	50.03	0.00
22.30	43.00	37.20	32.00	27.50	24.60	2.00	50.03	0.00
22.40	43.00	37.10	31.80	27.30	24.90	2.30	50.03	0.00
22.50	42.90	37.00	31.90	27.30	24.90	2.30	50.02	0.00
22.60	42.90	37.00	31.90	27.30	25.20	1.70	50.03	0.00
22.70	43.00	37.10	31.90	27.30	26.30	2.00	50.03	0.00
22.80	43.10	37.10	31.90	27.50	25.50	2.00	50.03	0.00
22.90	43.10	37.10	31.90	27.50	25.20	2.00	50.02	0.00
23.00	43.00	37.10	31.90	27.40	25.50	2.10	50.03	0.00
23.10	43.10	37.00	31.90	27.40	25.50	2.10	50.03	0.00
23.20	43.10	37.00	31.90	27.40	26.00	1.70	50.02	0.00
23.30	43.20	37.00	31.90	27.30	26.00	2.00	50.02	0.00
23.40	43.10	37.00	31.90	27.30	26.00	2.10	50.03	0.00
23.50	43.10	37.00	31.90	27.30	26.60	2.10	50.03	0.00
23.60	43.30	37.10	31.90	27.40	26.40	2.10	50.02	0.00
23.70	43.20	37.10	31.90	27.40	26.90	0.90	50.03	0.00
23.80	43.20	37.10	31.90	27.40	26.60	1.70	50.02	0.00
23.90	43.30	37.10	32.10	27.40	27.00	1.80	50.02	0.00
24.00	43.30	37.10	31.90	27.50	27.00	1.80	50.01	0.00
24.10	43.30	37.10	31.90	27.50	27.20	0.70	50.02	0.00
24.20	43.30	37.20	31.90	27.40	27.40	2.70	50.02	0.00
24.30	43.30	37.20	31.90	27.40	27.40	2.30	50.03	0.00
24.40	43.40	37.10	32.00	27.50	27.70	2.10	50.03	0.00
24.50	43.00	37.00	31.90	27.30	27.70	2.30	50.02	0.00
24.60	43.00	37.00	31.90	27.30	27.80	2.00	50.03	0.00
24.70	43.20	37.10	31.90	27.20	28.00	1.80	50.01	0.00
24.80	43.30	37.10	31.90	27.30	28.30	2.00	50.03	0.00
24.90	43.30	37.10	31.90	27.30	28.40	2.70	50.03	0.00
25.00	43.20	37.10	32.10	27.40	28.40	2.70	50.02	0.00
25.10	43.20	37.00	32.00	27.40	28.70	2.30	50.03	0.00
25.20	43.20	37.00	32.00	27.40	28.60	1.80	50.03	0.00
25.30	43.30	37.00	32.00	27.40	29.00	2.30	50.04	0.00
25.40	43.30	37.00	32.00	27.40	29.70	2.00	50.03	0.00
25.50	43.30	37.00	32.00	27.40	29.20	1.30	50.02	0.00
25.60	43.10	37.00	31.90	27.30	29.20	2.10	50.03	0.00
25.70	43.20	37.00	31.90	27.40	29.20	1.80	50.03	0.00
25.80	43.20	37.00	31.90	27.40	29.50	2.10	50.02	0.00
25.90	43.50	37.10	31.90	27.40	29.50	2.10	50.02	0.00
26.00	43.50	37.20	32.10	27.40	29.70	1.80	50.03	0.00
26.10	43.50	37.20	32.10	27.40	30.40	1.80	50.02	0.00
26.20	43.30	37.00	32.00	27.30	29.80	1.80	50.03	0.00
26.30	43.30	37.10	31.90	27.30	30.10	2.00	50.03	0.00
26.40	43.30	37.10	31.90	27.30	29.20	2.10	50.03	0.00
26.50	43.30	37.10	32.10	27.50	30.40	2.10	50.04	0.00
26.60	43.40	37.00	32.00	27.50	30.40	1.80	50.02	0.00
26.70	43.40	37.00	32.00	27.50	30.90	2.10	50.03	0.00
26.80	43.40	37.00	32.00	27.40	30.90	2.10	50.03	0.00
26.90	43.50	37.10	32.10	27.50	31.10	2.00	50.03	0.00
27.00	43.50	37.10	32.10	27.50	31.20	2.00	50.02	0.00
27.10	43.30	37.10	32.00	27.40	31.40	2.10	50.03	0.00
27.20	43.30	37.00	32.00	27.40	31.70	2.00	50.03	0.00
27.30	43.30	37.00	32.00	27.40	31.50	1.80	50.04	0.00
27.40	43.50	37.10	31.90	27.40	32.10	1.70	50.03	0.00
27.50	43.30	37.10	31.90	27.30	32.00	2.00	50.03	0.00
27.60	43.30	37.10	31.90	27.30	32.10	2.10	50.05	0.00
27.70	43.30	36.90	31.90	27.40	31.70	2.00	50.04	0.00
27.80	43.40	37.10	32.00	27.30	31.70	2.00	50.05	0.00
27.90	43.40	37.10	32.00	27.30	32.40	1.80	50.04	0.00
28.00	43.40	37.10	32.10	27.40	31.50	2.40	50.04	0.00
28.10	43.30	36.90	31.80	27.20	32.90	2.10	50.03	0.00
28.20	43.30	36.90	31.80	27.20	33.40	2.10	50.03	0.00
28.30	43.30	36.90	31.90	27.20	33.40	1.80	50.03	0.00
28.40	43.30	37.00	31.90	27.30	33.20	2.10	50.03	0.00
28.50	43.30	37.00	31.90	27.30	33.40	2.00	50.03	0.00
28.60	43.30	37.10	32.00	27.40	33.20	1.80	50.03	0.00
28.70	43.30	37.10	32.00	27.40	33.20	1.80	50.03	0.00
28.80	43.30	37.10	32.10	27.20	33.70	2.10	50.02	0.00
28.90	43.40	37.20	31.80	27.10	33.70	1.80	50.03	0.00
29.00	43.40	37.20	31.80	27.10	33.80	1.80	50.03	0.00
29.10	43.30	36.90	31.90	27.30	34.30	2.00	50.03	0.00
29.20	43.40	37.00	31.90	27.30	34.10	2.00	50.03	0.00
29.30	43.40	37.00	31.90	27.30	33.50	1.70	50.04	0.00
29.40	43.40	37.10	32.00	27.40	34.40	2.00	50.03	0.00
29.50	43.30	37.00	32.00	27.40	34.60	1.80	50.04	0.00
29.60	43.30	37.00	32.00	27.40	34.60	1.80	50.03	0.00
29.70	43.40	37.00	32.00	27.30	34.60	2.00	50.03	0.00
29.80	43.40	37.00	32.00	27.30	35.20	2.00	50.03	0.00
29.90	43.40	37.00	32.00	27.30	36.70	2.00	50.03	0.00
30.00	43.60	37.10	31.90	27.40	34.70	2.00	50.03	0.00
30.10	43.60	37.10	31.90	27.40	35.80	2.00	50.03	0.00
30.20	43.40	37.00	32.00	27.30	36.10	1.80	50.04	0.00
30.30	43.50	37.20	31.90	27.30	35.70	2.00	50.04	0.00
30.40	43.50	37.20	31.90	27.30	36.00	2.10	50.04	0.00
30.50	43.60	37.00	31.90	27.30	36.00	1.70	50.05	0.00
30.60	43.40	37.10	31.90	27.40	36.00	1.70	50.04	0.00
30.70	43.40	37.10	31.90	27.40	36.30	2.00	50.05	0.00
30.80	43.40	37.00	32.00	27.40	36.70	2.60	50.03	0.00
30.90	43.40	37.10	31.90	27.40	36.40	1.80	50.03	0.00
31.00	43.40	37.10	31.90	27.40	37.50	2.30	50.04	0.00
31.10	43.50	37.10	32.00	27.30	36.40	1.80	50.04	0.00
31.20	43.50	37.00	32.00	27.30	37.50	1.80	50.04	0.00
31.30	43.50	37.00	32.00	27.30	37.40	2.00	50.03	0.00
31.40	43.60	37.10	31.80	27.30	37.70	3.70	50.04	0.00
31.50	43.40	37.00	32.00	27.40	37.70	3.70	50.03	0.00
31.60	43.40	37.00	32.00	27.40	38.00	2.00	50.04	0.00
31.70	43.40	37.00	31.90	27.30	37.70	2.00	50.03	0.00
31.80	43.40	36.90	31.90	27.30	38.00	2.00	50.03	0.00
31.90	43.40	36.90	31.90	27.30	38.10	2.10	50.04	0.00
32.00	43.40	36.90	31.90	27.20	37.40	2.10	50.04	0.00
32.10	43.40	36.90	32.00	27.30	38.10	2.30	50.03	0.00
32.20	43.40	36.90	32.00	27.30	37.80	2.00	50.04	0.00
32.30	43.50	37.10	32.00	27.40	38.70	2.10	50.03	0.00
32.40	43.40	37.00	32.10	27.40	39.10	2.00	50.03	0.00
32.50	43.40	37.00	32.10	27.40	39.10	2.00	50.04	0.00
32.60	43.50	37.00	32.00	27.40	39.10	1.70	50.03	0.00
32.70	43.50	37.00	31.90	27.30	39.40	1.80	50.03	0.00
32.80	43.50	37.00	31.90	27.30	40.90	2.00	50.03	0.00
32.90	43.50	37.10	32.00	27.30	39.50	2.00	50.04	0.00
33.00	43.50	37.10	32.00	27.30	39.80	2.10	50.03	0.00
33.10	43.50	37.00	31.90	27.30	39.10	1.70	50.03	0.00
33.20	43.50	37.00	32.00	27.30	40.10	2.00	50.04	0.00
33.30	43.50	37.00	32.00	27.30	40.00	1.70	50.03	0.00
33.40	43.40	36.90	31.90	27.30	40.00	1.70	50.03	0.00
33.50	43.40	36.90	31.90	27.20	40.30	2.10	50.04	0.00
33.60	43.40	36.90	31.90	27.20	40.30	1.80	50.04	0.00
33.70	43.50	36.90	32.00	27.30	41.40	2.00	50.03	0.00
33.80	43.50	37.00	31.90	27.40	40.70	1.70	50.03	0.00
33.90	43.50	37.00	31.90	27.40	40.70	2.30	50.03	0.00
34.00	43.60	37.00	31.90	27.30	41.20	2.40	50.03	0.00
34.10	43.60	36.90	31.90	27.30	41.10	1.70	50.03	0.00
34.20	43.60	36.90	31.90	27.30	41.10	1.80	50.04	0.00
34.30	43.70	37.10	32.10	27.40	41.40	1.80	50.03	0.00
34.40	43.50	37.00	32.00	27.30	41.40	1.80	50.04	0.00
34.50	43.50	37.00	32.00	27.30	41.80	1.00	50.03	0.00
34.60	43.70	37.00	32.00	27.30	42.00	2.10	50.03	0.00
34.70	43.60	37.00	32.00	27.30	42.60	2.00	50.05	0.00
34.80	43.60	37.00	32.00	27.30	42.40	1.80	50.04	0.00
34.90	43.60	37.00	31.90	27.40	42.30	2.00	50.04	0.00
35.00	43.50	36.90	32.00	27.40	42.40	1.80	50.03	0.00
35.10	43.50	36.90	32.00	27.40	42.60	2.10	50.03	0.00
35.20	43.60	37.10	32.10	27.40	42.90	1.80	50.04	0.00
35.30	43.60	37.10	32.10	27.40	42.90	1.80	50.05	0.00
35.40	43.40	36.80	31.90	27.20	43.10	2.00	50.04	0.00
35.50	43.40	36.80	31.90	27.30	43.20	1.20	50.03	0.00
35.60	43.40	36.80	31.90	27.30	43.20	2.00	50.03	0.00
35.70	43.40	36.80	31.90	27.30	43.80	2.30	50.04	0.00
35.80	43.60	37.10	32.10	27.40	43.10	2.40	50.05	0.00
35.90	43.60	37.10	32.10	27.40	43.70	2.30	50.04	0.00
36.00	43.50	37.10	31.90	27.30	43.80	2.10	50.04	0.00
36.10	43.50	37.10	31.90	27.30	43.70	2.00	50.03	0.00
36.20	43.60	37.00	32.00	27.30	44.10	2.10	50.04	0.00
36.30	43.40	37.00	32.00	27.30	44.10	2.10	50.04	0.00
36.40	43.40	37.00	32.00	27.30	44.30	2.10	50.04	0.00
36.50	43.50	37.00	31.90	27.20	44.90	2.10	50.03	0.00
36.60	43.60	37.00	32.00	27.20	44.90	1.50	50.04	0.00
36.70	43.60	37.00	32.00	27.20	44.90	2.10	50.04	0.00
36.80	43.60	36.90	31.90	27.30	44.80	2.00	50.04	0.00
36.90	43.50	37.00	31.90	27.40	45.20	2.00	50.04	0.00
37.00	43.50	37.00	31.90	27.40	45.20	1.80	50.04	0.00
37.10	43.60	37.10	32.00	27.40	45.50	2.00	50.04	0.00
37.20	43.60	37.00	32.10	27.30	45.50	2.00	50.04	0.00
37.30	43.60	37.00	32.10	27.30	46.40	2.00	50.04	0.00
37.40	43.60	37.00	32.00	27.50	45.80	0.90	50.04	0.00
37.50	43.60	37.00	32.00	27.50	46.00	1.50	50.03	0.00
37.60	43.50	36.90	31.90	27.30	46.00	1.80	50.04	0.00
37.70	43.60	36.90	32.00	27.40	46.30	2.00	50.04	0.00
37.80	43.60	36.90	32.00	27.40	46.30	1.80	50.03	0.00
37.90	43.50	37.00	31.90	27.40	46.30	2.00	50.03	0.00
38.00	43.50	37.00	31.90	27.50	46.80	2.00	50.04	0.00
38.10	43.50	37.00	31.90	27.50	46.60	2.10	50.03	0.00
38.20	43.50	37.00	31.90	27.30	46.60	2.10	50.02	0.00
38.30	43.60	37.10	32.00	27.50	47.20	2.10	50.03	0.00
38.40	43.60	37.10	32.00	27.50	47.20	1.80	50.03	0.00
38.50	43.50	37.00	32.10	27.40	47.40	2.00	50.03	0.00
38.60	43.60	37.00	32.10	27.50	47.70	1.50	50.04	0.00
38.70	43.60	37.00	32.10	27.50	47.70	2.10	50.03	0.00
38.80	43.50	36.90	31.90	27.30	47.70	1.80	50.03	0.00
38.90	43.50	37.00	32.00	27.50	48.00	1.80	50.03	0.00
39.00	43.50	37.00	32.00	27.50	48.00	2.10	50.03	0.00
39.10	43.50	36.90	31.90	27.30	48.00	2.10	50.04	0.00
39.20	43.50	36.90	31.90	27.30	48.90	1.80	50.04	0.00
39.30	43.60	37.00	32.00	27.40	48.60	2.00	50.04	0.00
39.40	43.70	36.90	32.00	27.30	48.90	1.50	50.04	0.00
39.50	43.70	36.90	32.00	27.30	48.80	2.10	50.04	0.00
39.60	43.60	37.00	31.90	27.30	49.10	1.80	50.03	0.00
39.70	43.40	37.00	31.90	27.40	49.10	1.70	50.04	0.00
39.80	43.40	37.00	31.90	27.40	49.20	2.40	50.03	0.00
39.90	43.50	37.10	31.90	27.40	49.40	2.10	50.03	0.00
40.00	43.50	37.10	32.00	27.40	49.40	2.10	50.03	0.00
40.10	43.50	37.10	32.00	27.40	49.70	2.10	50.04	0.00
40.20	43.30	36.90	31.80	27.40	49.70	2.00	50.04	0.00
40.30	43.50	37.00	32.00	27.40	50.60	1.80	50.04	0.00
40.40	43.50	37.00	32.00	27.40	50.10	2.00	50.04	0.00
40.50	43.50	37.00	32.00	27.40	49.10	2.10	50.04	0.00
40.60	43.50	36.90	32.00	27.40	50.30	2.10	50.03	0.00
40.70	43.50	36.90	32.00	27.40	50.80	2.00	50.04	0.00
40.80	43.50	36.90	32.00	27.40	51.10	2.10	50.04	0.00
40.90	43.40	36.90	32.00	27.30	51.10	2.10	50.04	0.00
41.00	43.40	36.90	32.00	27.30	51.10	2.10	50.04	0.00
41.10	43.40	36.90	31.90	27.40	50.90	2.10	50.04	0.00
41.20	43.50	37.00	32.10	27.40	51.20	1.80	50.04	0.00
41.30	43.50	37.00	32.10	27.40	50.80	2.00	50.04	0.00
41.40	43.50	36.90	32.00	27.50	51.40	1.80	50.04	0.00
41.50	43.50	36.90	32.00	27.40	51.70	1.80	50.04	0.00
41.60	43.50	36.90	32.00	27.40	52.00	2.10	50.04	0.00
41.70	43.50	37.00	32.00	27.40	51.70	2.00	50.04	0.00
41.80	43.50	37.00	31.90	27.40	52.00	2.00	50.04	0.00
41.90	43.50	37.00	31.90	27.40	53.80	2.10	50.04	0.00
42.00	43.30	36.80	31.80	27.30	52.30	2.10	50.04	0.00
42.10	43.50	36.90	31.90	27.30	52.00	2.00	50.04	0.00
42.20	43.50	36.90	31.90	27.30	52.40	2.10	50.04	0.00
42.30	43.50	36.80	32.00	27.40	52.80	1.80	50.04	0.00
42.40	43.60	37.00	32.00	27.30	52.80	2.00	50.04	0.00
42.50	43.60	37.00	32.00	27.30	52.90	1.20	50.04	0.00
42.60	43.60	37.00	32.00	27.40	53.10	2.10	50.03	0.00
42.70	43.60	37.00	32.00	27.40	53.20	1.80	50.04	0.00
42.80	43.50	36.90	32.00	27.40	54.30	2.30	50.04	0.00
42.90	43.40	36.90	32.00	27.40	54.00	2.00	50.04	0.00
43.00	43.40	36.90	32.00	27.40	53.50	1.80	50.04	0.00
43.10	43.50	36.90	32.00	27.50	53.80	2.10	50.04	0.00
43.20	43.50	36.90	32.00	27.50	54.00	1.80	50.04	0.00
43.30	43.50	36.90	32.00	27.40	54.30	2.10	50.04	0.00
43.40	43.50	37.00	31.90	27.40	54.10	2.10	50.04	0.00
43.50	43.50	37.00	31.90	27.40	54.30	1.80	50.04	0.00
43.60	43.30	36.90	31.90	27.40	54.30	1.80	50.05	0.00
43.70	43.40	36.90	31.90	27.40	54.40	1.80	50.05	0.00
43.80	43.40	36.90	31.90	27.40	54.40	2.00	50.04	0.00
43.90	43.40	36.90	31.90	27.50	55.10	2.10	50.05	0.00
44.00	43.40	36.90	31.90	27.40	54.90	1.70	50.05	0.00
44.10	43.40	36.90	31.90	27.40	55.20	1.50	50.05	0.00
44.20	43.50	36.90	32.00	27.50	55.40	2.10	50.04	0.00
44.30	43.30	36.80	32.00	27.30	55.20	1.80	50.04	0.00
44.40	43.30	36.80	32.00	27.30	55.50	2.70	50.05	0.00
44.50	43.40	36.80	32.00	27.50	55.50	2.70	50.04	0.00
44.60	43.50	37.00	32.00	27.50	55.50	2.70	50.05	0.00
44.70	43.50	37.00	32.00	27.50	56.60	2.00	50.05	0.00
44.80	43.60	37.00	32.00	27.50	56.30	2.30	50.05	0.00
44.90	43.50	37.00	32.00	27.40	56.40	2.30	50.05	0.00
45.00	43.50	37.00	32.00	27.40	56.30	2.10	50.05	0.00
45.10	43.40	36.90	31.90	27.40	56.90	1.30	50.05	0.00
45.20	43.40	36.90	32.00	27.50	56.80	2.00	50.05	0.00
45.30	43.40	36.90	32.00	27.50	57.20	2.90	50.05	0.00
45.40	43.40	36.80	31.90	27.40	57.20	2.90	50.05	0.00
45.50	43.40	36.80	31.90	27.50	57.40	1.80	50.04	0.00
45.60	43.40	36.80	31.90	27.50	57.20	2.10	50.05	0.00
45.70	43.40	36.90	31.90	27.40	57.50	1.70	50.05	0.00
45.80	43.50	36.80	32.10	27.40	57.50	2.00	50.04	0.00
45.90	43.50	36.80	32.10	27.40	57.50	2.10	50.04	0.00
46.00	43.40	36.90	32.00	27.30	58.00	2.40	50.05	0.00
46.10	43.40	36.90	32.00	27.50	57.80	2.10	50.04	0.00
46.20	43.40	36.90	32.00	27.50	58.50	2.00	50.04	0.00
46.30	43.40	36.90	32.00	27.50	58.10	2.30	50.05	0.00
46.40	43.40	37.00	32.00	27.50	58.10	2.30	50.05	0.00
46.50	43.40	37.00	32.00	27.50	57.80	2.00	50.04	0.00
46.60	43.50	37.00	31.90	27.50	58.80	2.90	50.04	0.00
46.70	43.30	36.90	31.90	27.40	58.80	2.00	50.05	0.00
46.80	43.30	36.90	31.90	27.40	58.60	2.00	50.04	0.00
46.90	43.50	36.90	31.90	27.40	59.40	2.30	50.04	0.00
47.00	43.40	37.00	32.00	27.40	59.20	2.10	50.05	0.00
47.10	43.40	37.00	32.00	27.40	59.20	1.80	50.05	0.00
47.20	43.30	36.90	31.90	27.30	59.70	2.10	50.04	0.00
47.30	43.30	36.90	31.90	27.30	59.50	2.00	50.04	0.00
47.40	43.30	36.90	31.90	27.50	60.00	2.40	50.05	0.00
47.50	43.50	37.00	32.10	27.60	59.70	2.10	50.04	0.00
47.60	43.50	37.00	32.10	27.60	60.00	2.00	50.05	0.00
47.70	43.30	37.00	32.00	27.30	60.30	2.10	50.05	0.00
47.80	43.50	36.90	31.90	27.40	60.80	2.10	50.05	0.00
47.90	43.50	36.90	31.90	27.40	60.50	2.00	50.05	0.00
48.00	43.50	36.90	32.00	27.50	60.80	2.00	50.06	0.00
48.10	43.40	36.90	32.00	27.50	60.60	1.80	50.04	0.00
48.20	43.40	36.90	32.00	27.50	60.60	1.80	50.04	0.00
48.30	43.40	36.80	31.90	27.30	61.20	2.00	50.04	0.00
48.40	43.40	36.80	31.90	27.30	60.90	1.80	50.04	0.00
48.50	43.50	37.00	32.00	27.40	61.10	2.10	50.04	0.00
48.60	43.40	36.90	32.00	27.50	61.70	1.80	50.05	0.00
48.70	43.40	36.90	32.00	27.50	61.50	2.10	50.04	0.00
48.80	43.40	36.80	31.80	27.50	61.80	2.00	50.04	0.00
48.90	43.40	36.90	31.90	27.40	61.80	1.80	50.04	0.00
49.00	43.40	36.90	31.90	27.40	62.00	2.00	50.04	0.00
49.10	43.60	37.00	31.90	27.50	62.00	2.00	50.04	0.00
49.20	43.60	37.00	31.90	27.50	62.10	2.00	50.04	0.00
49.30	43.50	36.80	32.00	27.50	62.30	2.10	50.04	0.00
49.40	43.50	37.00	32.00	27.50	62.80	2.00	50.04	0.00
49.50	43.50	37.00	32.00	27.50	63.20	2.30	50.04	0.00
49.60	43.40	37.00	31.90	27.40	63.10	1.80	50.03	0.00
49.70	43.50	37.00	32.00	27.50	62.90	1.70	50.03	0.00
49.80	43.50	37.00	32.00	27.50	63.20	2.10	50.04	0.00
49.90	43.50	36.80	31.80	27.40	62.10	2.10	50.03	0.00
50.00	43.40	36.90	32.00	27.40	62.10	2.10	50.03	0.00
50.10	43.40	36.90	32.00	27.40	63.50	1.80	50.03	0.00
50.20	43.50	37.10	32.10	27.50	63.80	1.20	50.03	0.00
50.30	43.50	37.00	32.00	27.50	64.80	2.00	50.03	0.00
50.40	43.50	37.00	32.00	27.50	64.00	1.80	50.03	0.00
50.50	43.30	36.90	32.00	27.40	64.00	2.00	50.03	0.00
50.60	43.40	36.90	32.00	27.40	64.30	2.00	50.03	0.00
50.70	43.40	36.90	32.00	27.40	64.50	2.10	50.03	0.00
50.80	43.30	36.90	31.90	27.40	64.80	2.30	50.03	0.00
50.90	43.40	36.80	32.00	27.50	64.50	2.30	50.03	0.00
51.00	43.40	36.80	32.00	27.50	65.10	2.10	50.04	0.00
51.10	43.40	37.00	32.00	27.50	64.90	1.70	50.03	0.00
51.20	43.40	36.90	32.00	27.50	64.30	2.00	50.03	0.00
51.30	43.40	36.90	32.00	27.50	64.90	1.20	50.03	0.00
51.40	43.20	36.80	32.00	27.40	65.50	1.80	50.03	0.00
51.50	43.20	36.80	32.00	27.40	65.70	1.80	50.03	0.00
51.60	43.30	36.90	32.00	27.40	65.70	1.80	50.02	0.00
51.70	43.30	37.00	32.10	27.60	65.80	1.70	50.03	0.00
51.80	43.30	37.00	32.20	27.50	65.80	1.70	50.03	0.00
51.90	43.30	37.00	32.20	27.50	65.80	1.70	50.03	0.00
52.00	43.40	36.80	32.00	27.30	65.70	2.00	50.02	0.00
52.10	43.40	36.80	32.00	27.30	66.60	2.00	50.02	0.00
52.20	43.40	36.90	32.00	27.50	66.50	2.10	50.01	0.00
52.30	43.30	36.70	31.90	27.30	66.30	1.80	50.02	0.00
52.40	43.30	36.70	31.90	27.30	66.90	2.40	50.02	0.00
52.50	43.20	36.80	31.90	27.40	67.10	2.00	50.02	0.00
52.60	43.40	36.90	32.00	27.50	67.10	1.80	50.02	0.00
52.70	43.40	36.90	32.00	27.50	67.20	2.00	50.02	0.00
52.80	43.20	36.90	32.00	27.40	67.20	2.00	50.01	0.00
52.90	43.20	36.90	32.00	27.40	67.40	1.80	50.02	0.00
53.00	43.30	36.90	31.90	27.40	67.80	2.90	50.01	0.00
53.10	43.40	36.80	32.00	27.40	68.10	2.10	50.01	0.00
53.20	43.40	36.80	32.00	27.40	68.00	2.10	50.01	0.00
53.30	43.40	36.90	32.00	27.50	68.30	2.30	50.01	0.00
53.40	43.40	36.90	32.00	27.30	68.30	1.70	50.01	0.00
53.50	43.40	36.90	32.00	27.30	69.70	2.10	50.00	0.00
53.60	43.30	36.70	31.90	27.40	68.50	1.70	50.01	0.00
53.70	43.30	36.80	31.90	27.40	68.50	1.70	50.00	0.00
53.80	43.30	36.80	31.90	27.40	68.80	1.80	50.01	0.00
53.90	43.10	36.90	31.90	27.30	69.20	1.80	50.00	0.00
54.00	43.30	36.90	31.90	27.40	68.80	2.40	49.99	0.00
54.10	43.30	36.90	31.90	27.40	69.40	2.10	49.99	0.00
54.20	43.40	36.80	31.90	27.40	68.80	2.00	50.00	0.00
54.30	43.40	36.80	31.90	27.40	69.20	2.00	50.00	0.00
54.40	43.30	36.70	31.80	27.30	69.70	2.00	49.99	0.00
54.50	43.30	36.90	31.90	27.40	69.70	2.00	49.99	0.00
54.60	43.30	36.90	31.90	27.40	69.80	1.70	50.00	0.00
54.70	43.20	36.80	31.90	27.30	69.80	1.70	50.00	0.00
54.80	43.30	36.90	31.90	27.40	70.30	2.00	50.00	0.00
54.90	43.30	36.90	31.90	27.40	70.30	2.10	50.00	0.00
55.00	43.40	36.90	31.90	27.40	70.60	1.80	49.98	0.00
55.10	43.40	36.90	31.90	27.40	70.10	2.00	48.45	0.00
55.20	43.30	36.80	32.00	27.30	70.10	2.90	42.43	0.00
55.30	43.20	36.80	32.00	27.30	70.30	1.80	20.61	0.00
55.40	43.20	36.80	32.00	27.30	70.30	2.10	11.49	0.00
55.50	42.90	36.90	31.80	27.30	70.30	2.30	7.56	0.00
55.60	42.90	36.90	31.80	27.30	70.30	2.30	5.47	0.00
55.70	43.00	36.90	32.00	27.50	70.00	2.00	4.18	0.00
55.80	42.80	36.80	31.90	27.30	70.30	2.40	3.32	0.00
55.90	42.80	36.80	31.90	27.30	69.70	1.70	2.74	0.00
56.00	42.80	36.90	32.00	27.30	70.30	2.00	2.30	0.00
56.10	42.50	37.00	32.00	27.40	69.80	1.50	1.93	0.00
56.20	42.50	37.00	32.00	27.40	70.10	1.80	1.62	0.00
56.30	42.30	36.80	31.90	27.40	70.10	2.00	1.36	0.00
56.40	42.40	36.80	31.90	27.40	69.70	2.60	1.15	0.00
56.50	42.40	36.80	31.90	27.40	70.10	2.00	0.99	0.00
56.60	42.40	36.80	31.90	27.50	70.10	2.00	0.85	0.00
56.70	42.40	36.80	31.90	27.50	69.80	2.00	0.74	0.00
56.80	42.40	37.00	32.00	27.40	71.40	2.10	0.64	0.00
56.90	42.10	36.80	32.20	27.40	70.00	2.30	0.56	0.00
57.00	42.10	36.80	32.20	27.40	70.50	2.00	0.49	0.00
57.10	42.00	36.90	32.10	27.50	69.70	1.80	0.42	0.00
57.20	41.90	36.90	32.00	27.40	70.50	2.00	0.36	0.00
57.30	41.90	36.90	32.00	27.40	69.80	2.00	0.31	0.00
57.40	41.80	36.80	32.00	27.30	69.70	2.10	0.27	0.00
57.50	41.80	36.90	32.00	27.40	70.00	1.20	0.23	0.00
57.60	41.80	36.90	32.00	27.40	70.10	2.00	0.20	0.00
57.70	41.60	36.90	32.00	27.50	69.80	1.30	0.17	0.00
57.80	41.50	36.90	32.00	27.50	69.70	2.30	0.14	0.00
57.90	41.50	36.90	32.00	27.50	69.80	1.80	0.02	0.00
58.00	41.60	36.90	31.90	27.40	70.60	2.10	-0.04	0.00
58.10	41.60	36.90	31.90	27.40	68.60	2.00	-0.06	0.00
58.20	41.50	36.90	31.90	27.50	69.80	1.80	-0.07	0.00
58.30	41.40	36.90	32.00	27.40	70.50	2.00	-0.08	0.00
58.40	41.40	36.90	32.00	27.40	70.00	2.10	-0.09	0.00
58.50	41.40	36.80	31.90	27.20	70.00	2.10	-0.10	0.00
58.60	41.30	36.90	32.10	27.40	69.70	2.10	-0.11	0.00
58.70	41.30	36.90	32.10	27.40	69.50	1.80	-0.12	0.00
58.80	41.30	36.90	32.10	27.50	69.70	2.30	-0.12	0.00
58.90	41.30	36.80	31.90	27.50	69.40	2.00	-0.13	0.00
59.00	41.30	36.80	31.90	27.50	69.70	2.30	-0.13	0.00
59.10	41.20	36.80	32.00	27.50	69.70	1.80	-0.14	0.00
59.20	41.20	36.80	32.00	27.50	69.20	1.80	-0.14	0.00
59.30	41.10	36.80	31.90	27.40	69.20	2.00	-0.15	0.00
59.40	41.20	36.90	32.00	27.60	69.50	1.80	-0.15	0.00
59.50	41.20	37.00	31.90	27.40	69.50	1.80	-0.16	0.00
59.60	41.20	37.00	31.90	27.40	69.50	1.80	-0.16	0.00
59.70	41.10	36.90	32.00	27.50	69.80	1.80	-0.16	0.00
59.80	41.10	36.90	32.00	27.50	69.80	2.00	-0.16	0.00
59.90	41.00	36.80	32.00	27.50	69.70	2.00	-0.16	0.00
60.00	41.00	36.70	31.90	27.40	69.80	2.00	-0.17	0.00
60.10	41.00	36.70	31.90	27.40	69.80	2.30	-0.17	0.00
60.20	41.10	36.80	32.00	27.40	70.00	2.00	-0.17	0.00
60.30	41.00	36.90	32.00	27.40	69.70	2.30	-0.17	0.00
60.40	41.00	36.90	32.00	27.40	69.70	2.30	-0.17	0.00
60.50	41.00	36.80	31.90	27.40	69.50	1.80	-0.17	0.00
60.60	40.90	36.80	32.00	27.50	69.20	2.00	-0.18	0.00
60.70	40.90	36.80	32.00	27.50	69.70	1.80	-0.17	0.00
60.80	40.90	36.80	32.10	27.50	69.70	2.00	-0.18	0.00
60.90	40.70	36.90	32.00	27.40	69.40	3.30	-0.18	0.00
61.00	40.70	36.90	32.00	27.40	69.70	1.70	-0.18	0.00
61.10	40.90	36.90	32.00	27.50	69.40	2.30	-0.18	0.00
61.20	40.90	36.90	32.00	27.50	69.50	1.50	-0.18	0.00
61.30	41.00	36.90	32.00	27.40	69.50	1.50	-0.18	0.00
61.40	40.80	36.70	32.00	27.40	69.70	1.80	-0.18	0.00
61.50	40.80	36.70	32.00	27.40	69.80	1.80	-0.18	0.00
61.60	40.80	36.80	32.00	27.50	69.80	1.80	-0.18	0.00
61.70	40.80	36.80	32.00	27.50	69.70	2.00	-0.18	0.00
61.80	40.70	36.70	32.10	27.50	69.50	1.80	-0.18	0.00
61.90	40.70	36.80	32.00	27.50	69.50	1.80	-0.18	0.00
62.00	40.70	36.80	32.00	27.50	69.70	1.80	-0.18	0.00
62.10	40.70	36.80	32.00	27.40	69.70	2.10	-0.18	0.00
62.20	40.70	36.90	32.00	27.50	69.70	2.10	-0.18	0.00
62.30	40.70	36.90	32.00	27.50	69.70	2.10	-0.18	0.00
62.40	40.60	36.70	32.00	27.50	69.40	2.60	-0.18	0.00
62.50	40.60	36.70	32.00	27.40	69.80	1.80	-0.18	0.00
62.60	40.60	36.70	32.00	27.40	69.50	2.00	-0.18	0.00
62.70	40.60	36.70	32.10	27.40	70.10	2.10	-0.18	0.00
62.80	40.60	36.70	31.90	27.40	69.80	2.00	-0.18	0.00
62.90	40.60	36.70	31.90	27.40	69.40	2.10	-0.18	0.00
63.00	40.60	36.90	32.10	27.50	69.20	2.00	-0.18	0.00
63.10	40.50	36.80	32.00	27.50	71.20	2.10	-0.18	0.00
63.20	40.50	36.80	32.00	27.50	70.00	2.10	-0.18	0.00
63.30	40.50	36.80	32.00	27.40	69.70	2.00	-0.18	0.00
63.40	40.50	36.80	32.00	27.40	69.70	1.80	-0.18	0.00
63.50	40.50	36.80	31.90	27.50	69.10	2.30	-0.18	0.00
63.60	40.70	36.80	32.00	27.50	69.70	1.70	-0.18	0.00
63.70	40.70	36.80	32.00	27.50	69.40	2.10	-0.17	0.00
63.80	40.40	36.80	32.00	27.40	69.50	2.10	-0.18	0.00
63.90	40.40	36.80	32.00	27.40	69.40	2.30	-0.18	0.00
64.00	40.50	36.80	32.00	27.40	69.40	2.10	-0.17	0.00
64.10	40.60	36.90	32.00	27.40	69.70	1.70	-0.17	0.00
64.20	40.60	36.90	32.00	27.40	69.70	1.70	-0.17	0.00
64.30	40.60	36.80	32.00	27.50	69.40	2.10	-0.17	0.00
64.40	40.40	36.80	32.00	27.50	69.50	2.10	-0.17	0.00
64.50	40.40	36.80	32.00	27.50	69.40	2.00	-0.17	0.00
64.60	40.50	37.00	32.00	27.60	69.40	2.40	-0.17	0.00
64.70	40.50	36.80	32.00	27.40	69.50	2.30	-0.17	0.00
64.80	40.50	36.80	32.00	27.40	69.70	2.00	-0.17	0.00
64.90	40.40	36.70	32.00	27.30	69.50	2.00	-0.17	0.00
65.00	40.40	36.80	32.00	27.50	69.40	2.00	-0.17	0.00
65.10	40.40	36.80	32.00	27.50	69.40	2.00	-0.17	0.00
65.20	40.40	36.70	32.00	27.40	69.40	2.30	-0.17	0.00
65.30	40.40	36.90	32.10	27.50	69.20	1.80	-0.16	0.00
65.40	40.40	36.90	32.10	27.50	70.30	1.80	-0.16	0.00
65.50	40.40	37.00	32.10	27.40	69.40	1.80	-0.16	0.00
65.60	40.30	36.80	31.90	27.40	69.40	1.20	-0.16	0.00
65.70	40.30	36.80	31.90	27.40	69.20	1.80	-0.16	0.00
65.80	40.30	36.90	32.00	27.40	69.70	1.70	-0.16	0.00
65.90	40.20	36.80	32.00	27.40	69.20	1.70	-0.16	0.00
66.00	40.20	36.80	32.00	27.40	69.20	1.70	-0.16	0.00
66.10	40.30	36.80	32.10	27.50	69.40	2.40	-0.16	0.00
66.20	40.30	36.80	32.00	27.40	69.50	1.80	-0.16	0.00
66.30	40.30	36.80	32.00	27.40	69.40	2.40	-0.16	0.00
66.40	40.30	36.70	32.00	27.40	69.40	2.00	-0.16	0.00
66.50	40.20	36.70	32.00	27.30	69.40	1.80	-0.16	0.00
66.60	40.20	36.70	32.00	27.30	69.40	1.80	-0.16	0.00
66.70	40.40	36.80	32.10	27.40	69.70	2.00	-0.15	0.00
66.80	40.30	36.80	32.00	27.50	69.50	2.10	-0.15	0.00
66.90	40.30	36.80	32.00	27.50	69.50	2.10	-0.15	0.00
67.00	40.30	36.90	32.10	27.40	69.50	2.00	-0.15	0.00
67.10	40.30	36.90	32.10	27.40	68.80	2.10	-0.15	0.00
67.20	40.20	36.90	32.10	27.40	69.50	1.70	-0.15	0.00
67.30	40.30	36.80	32.00	27.30	69.50	2.00	-0.15	0.00
67.40	40.30	36.80	32.00	27.30	69.20	1.50	-0.15	0.00
67.50	40.30	36.80	32.00	27.40	69.40	2.10	-0.15	0.00
67.60	40.30	36.80	31.90	27.50	69.70	1.80	-0.15	0.00
67.70	40.30	36.80	31.90	27.50	69.50	2.10	-0.15	0.00
67.80	40.10	36.70	32.00	27.50	69.50	2.10	-0.14	0.00
67.90	40.20	36.70	31.90	27.40	69.50	0.70	-0.14	0.00
68.00	40.20	36.70	31.90	27.40	69.20	2.00	-0.14	0.00
68.10	40.20	36.80	32.00	27.50	69.20	2.00	-0.14	0.00
68.20	40.20	36.80	32.20	27.50	69.70	2.30	-0.14	0.00
68.30	40.20	36.80	32.20	27.50	69.50	2.40	-0.14	0.00
68.40	40.00	36.70	32.00	27.40	69.40	2.00	-0.14	0.00
68.50	40.10	36.70	31.90	27.40	69.70	1.80	-0.14	0.00
68.60	40.10	36.70	31.90	27.40	69.40	2.00	-0.14	0.00
68.70	40.00	36.60	31.90	27.30	69.40	2.00	-0.14	0.00
68.80	40.20	36.90	32.10	27.50	69.80	2.00	-0.13	0.00
68.90	40.20	36.90	32.10	27.50	68.60	2.00	-0.13	0.00
69.00	40.20	36.80	32.00	27.40	69.40	2.10	-0.13	0.00
69.10	40.10	36.70	32.10	27.40	70.90	2.00	-0.13	0.00
69.20	40.10	36.70	32.10	27.40	69.50	2.00	-0.13	0.00
69.30	40.10	36.90	32.00	27.50	69.40	1.80	-0.13	0.00
69.40	40.00	36.80	31.90	27.40	69.10	1.80	-0.13	0.00
69.50	40.00	36.80	31.90	27.40	69.70	2.10	-0.13	0.00
69.60	40.10	36.80	32.10	27.50	69.50	1.50	-0.13	0.00
69.70	40.00	36.70	32.00	27.20	69.50	1.50	-0.13	0.00
69.80	40.00	36.70	32.00	27.20	69.20	2.10	-0.13	0.00
69.90	40.00	36.80	32.00	27.50	69.20	1.80	-0.13	0.00
70.00	40.00	36.80	32.00	27.30	69.40	2.00	-0.13	0.00
70.10	40.00	36.80	32.00	27.30	69.40	1.80	-0.12	0.00
70.20	40.00	36.70	32.00	27.40	69.40	2.10	-0.12	0.00
70.30	40.10	36.70	32.00	27.40	69.50	2.10	-0.12	0.00
70.40	40.10	36.70	32.00	27.40	69.50	2.00	-0.12	0.00
70.50	39.90	36.70	31.90	27.20	69.70	2.00	-0.12	0.00
70.60	39.90	36.70	31.90	27.20	69.40	3.00	-0.12	0.00
70.70	39.80	36.60	32.00	27.30	69.40	2.00	-0.12	0.00
70.80	40.00	36.70	31.90	27.30	69.50	1.00	-0.12	0.00
70.90	40.00	36.70	31.90	27.30	69.40	2.10	-0.12	0.00
71.00	39.80	36.70	32.00	27.50	69.40	2.00	-0.12	0.00
71.10	39.80	36.70	32.00	27.50	69.50	2.00	-0.12	0.00
71.20	40.00	36.80	32.10	27.40	68.50	2.00	-0.12	0.00
71.30	40.00	36.70	32.10	27.40	70.10	2.00	-0.11	0.00
71.40	40.00	36.70	32.10	27.40	69.70	2.00	-0.11	0.00
71.50	39.80	36.70	31.90	27.30	69.70	2.00	-0.11	0.00
71.60	39.80	36.70	32.10	27.40	69.70	2.00	-0.11	0.00
71.70	39.80	36.70	32.10	27.40	69.50	2.00	-0.11	0.00
71.80	39.90	36.80	32.00	27.40	69.70	2.00	-0.11	0.00
71.90	39.80	36.70	31.90	27.30	69.40	2.00	-0.11	0.00
72.00	39.80	36.70	31.90	27.30	69.50	2.10	-0.11	0.00
72.10	39.90	36.80	32.00	27.40	69.70	2.10	-0.11	0.00
72.20	39.80	36.80	32.00	27.30	69.50	1.50	-0.11	0.00
72.30	39.80	36.80	32.00	27.30	69.50	2.00	-0.11	0.00
72.40	39.80	36.90	32.00	27.40	69.20	2.40	-0.11	0.00
72.50	39.80	36.90	32.00	27.40	69.20	2.40	-0.11	0.00
72.60	39.80	36.80	32.00	27.50	69.70	2.10	-0.11	0.00
72.70	39.90	36.90	32.00	27.40	68.50	2.00	-0.10	0.00
72.80	39.90	36.90	32.00	27.40	69.20	2.10	-0.10	0.00
72.90	39.80	36.70	32.00	27.40	69.40	1.50	-0.11	0.00
73.00	39.80	36.80	32.00	27.40	69.20	2.00	-0.11	0.00
73.10	39.80	36.80	32.00	27.40	69.50	1.80	-0.10	0.00
73.20	40.10	36.90	32.10	27.40	69.70	2.10	-0.10	0.00
73.30	39.80	36.80	32.00	27.40	69.50	1.80	-0.10	0.00
73.40	39.80	36.80	32.00	27.40	69.40	2.00	-0.10	0.00
73.50	39.90	36.80	32.10	27.50	69.40	2.00	-0.10	0.00
73.60	39.90	36.80	32.10	27.50	69.40	2.10	-0.10	0.00
73.70	39.70	36.90	32.10	27.40	69.50	1.80	-0.10	0.00
73.80	39.80	36.90	32.00	27.40	69.40	2.10	-0.10	0.00
73.90	39.80	36.90	32.00	27.40	69.40	2.10	-0.10	0.00
74.00	39.80	36.90	32.20	27.50	69.70	2.00	-0.10	0.00
74.10	39.80	37.00	32.10	27.50	69.20	1.80	-0.10	0.00
74.20	39.80	37.00	32.10	27.50	69.50	2.00	-0.10	0.00
74.30	39.70	36.90	32.00	27.60	69.50	2.10	-0.10	0.00
74.40	39.70	36.90	32.00	27.50	69.50	2.10	-0.09	0.00
74.50	39.70	36.90	32.00	27.50	69.70	2.10	-0.09	0.00
74.60	39.70	36.80	32.10	27.40	69.20	2.30	-0.09	0.00
74.70	39.70	36.80	32.10	27.40	68.50	1.80	-0.09	0.00
74.80	39.80	36.80	32.10	27.40	69.20	0.60	-0.09	0.00
74.90	39.70	36.90	32.00	27.50	69.80	2.00	-0.09	0.00
75.00	39.60	36.80	32.00	27.60	69.70	2.00	-0.09	0.00
75.10	39.60	36.80	32.00	27.60	69.20	2.10	-0.09	0.00
75.20	39.70	36.80	31.90	27.50	69.50	1.30	-0.09	0.00
75.30	39.70	36.80	31.90	27.50	69.50	2.10	-0.09	0.00
75.40	39.60	36.90	32.00	27.30	69.50	2.10	-0.09	0.00
75.50	39.70	36.70	31.90	27.40	69.40	2.00	-0.09	0.00
75.60	39.70	36.70	31.90	27.40	69.20	2.00	-0.09	0.00
75.70	39.70	36.80	32.10	27.50	69.70	2.10	-0.09	0.00
75.80	39.70	36.80	32.10	27.50	69.40	2.30	-0.09	0.00
75.90	39.50	36.80	32.00	27.50	69.20	2.00	-0.09	0.00
76.00	39.50	36.80	32.00	27.50	69.40	1.80	-0.09	0.00
76.10	39.50	36.80	32.00	27.50	70.00	2.00	-0.09	0.00
76.20	39.70	36.90	32.10	27.60	69.40	1.80	-0.09	0.00
76.30	39.70	36.80	32.10	27.60	68.50	1.80	-0.09	0.00
76.40	39.70	36.80	32.10	27.60	68.50	1.80	-0.08	0.00
76.50	39.70	36.90	32.00	27.50	69.20	2.40	-0.08	0.00
76.60	39.50	36.80	32.00	27.40	69.20	1.50	-0.08	0.00
76.70	39.50	36.80	32.00	27.40	69.20	1.80	-0.08	0.00
76.80	39.60	36.90	32.10	27.50	69.40	2.30	-0.08	0.00
76.90	39.60	36.80	32.00	27.40	70.00	2.30	-0.08	0.00
77.00	39.60	36.80	32.00	27.40	69.50	2.60	-0.08	0.00
77.10	39.60	36.80	32.00	27.40	69.50	1.80	-0.08	0.00
77.20	39.70	36.80	32.00	27.50	69.70	1.80	-0.08	0.00
77.30	39.70	36.80	32.00	27.50	69.20	2.00	-0.08	0.00
77.40	39.50	36.70	31.90	27.40	69.20	1.80	-0.08	0.00
77.50	39.50	36.90	32.00	27.40	69.10	2.00	-0.08	0.00
77.60	39.50	36.90	32.00	27.40	69.20	2.10	-0.08	0.00
77.70	39.60	36.80	32.10	27.50	69.20	2.00	-0.08	0.00
77.80	39.60	36.80	32.10	27.50	69.20	2.00	-0.08	0.00
77.90	39.50	36.90	32.00	27.40	69.40	2.10	-0.08	0.00
78.00	39.60	36.90	32.20	27.60	69.50	2.10	-0.08	0.00
78.10	39.60	36.90	32.20	27.60	69.20	2.10	-0.08	0.00
78.20	39.60	36.80	32.10	27.40	69.40	2.10	-0.08	0.00
78.30	39.70	36.80	32.10	27.50	69.40	2.10	-0.08	0.00
78.40	39.70	36.80	32.10	27.50	69.40	1.80	-0.08	0.00
78.50	39.50	36.80	32.00	27.60	69.50	2.10	-0.07	0.00
78.60	39.50	36.80	32.00	27.60	69.20	0.90	-0.07	0.00
78.70	39.50	36.80	32.00	27.40	69.50	1.80	-0.07	0.00
78.80	39.50	36.90	32.00	27.60	69.50	1.30	-0.07	0.00
78.90	39.50	36.90	32.00	27.60	69.40	2.30	-0.08	0.00
79.00	39.50	36.70	32.00	27.40	69.50	2.00	-0.08	0.00
79.10	39.40	36.80	32.00	27.30	69.20	1.80	-0.08	0.00
79.20	39.40	36.80	32.00	27.30	69.20	2.00	-0.08	0.00
79.30	39.50	36.80	32.00	27.50	69.40	1.80	-0.08	0.00
79.40	39.70	36.90	32.10	27.60	69.10	2.00	-0.08	0.00
79.50	39.70	36.90	32.10	27.60	69.40	2.00	-0.07	0.00
79.60	39.60	36.80	32.10	27.60	69.20	2.10	-0.08	0.00
79.70	39.60	36.80	32.10	27.60	69.20	1.70	-0.07	0.00
79.80	39.50	36.90	32.10	27.50	69.40	2.10	-0.07	0.00
79.90	39.60	36.90	32.00	27.50	69.40	2.10	-0.07	0.00
80.00	39.60	36.90	32.00	27.50	69.70	2.00	-0.07	0.00
80.10	39.50	36.70	32.00	27.40	69.10	2.00	-0.07	0.00
80.20	39.40	36.80	32.00	27.20	69.10	2.00	-0.07	0.00
80.30	39.40	36.80	32.00	27.20	69.50	1.70	-0.07	0.00
80.40	39.60	36.70	32.00	27.50	69.50	2.10	-0.07	0.00
80.50	39.60	36.90	31.90	27.60	69.40	2.10	-0.07	0.00
80.60	39.60	36.90	31.90	27.60	69.50	2.00	-0.07	0.00
80.70	39.40	36.90	32.00	27.60	69.40	4.00	-0.07	0.00
80.80	39.50	36.80	31.90	27.50	69.50	2.10	-0.07	0.00
80.90	39.50	36.80	31.90	27.50	69.50	2.00	-0.07	0.00
81.00	39.40	36.90	32.00	27.50	69.50	2.00	-0.07	0.00
81.10	39.60	36.90	32.10	27.50	69.50	2.00	-0.07	0.00
81.20	39.60	36.90	32.10	27.50	69.20	2.00	-0.07	0.00
81.30	39.40	36.70	31.90	27.40	69.40	1.20	-0.07	0.00
81.40	39.40	36.70	31.90	27.40	69.40	2.00	-0.07	0.00
81.50	39.30	36.80	31.90	27.50	69.10	2.00	-0.07	0.00
81.60	39.50	36.80	31.90	27.50	69.40	2.00	-0.07	0.00
81.70	39.30	36.80	31.90	27.40	70.50	2.00	-0.07	0.00
81.80	39.30	36.80	31.90	27.40	69.40	2.30	-0.07	0.00
81.90	39.40	36.90	32.00	27.60	69.40	1.80	-0.07	0.00
82.00	39.40	36.90	32.00	27.60	69.40	1.80	-0.07	0.00
82.10	39.50	36.90	32.10	27.50	69.40	1.80	-0.07	0.00
82.20	39.40	37.00	32.00	27.60	69.80	2.00	-0.07	0.00
82.30	39.40	37.00	32.00	27.60	69.40	2.00	-0.07	0.00
82.40	39.40	36.80	32.00	27.60	69.40	2.10	-0.07	0.00
82.50	39.30	36.80	32.00	27.50	69.20	2.00	-0.07	0.00
82.60	39.30	36.80	32.00	27.50	69.20	2.00	-0.07	0.00
82.70	39.30	36.90	32.20	27.70	69.20	2.30	-0.06	0.00
82.80	39.50	36.90	32.10	27.50	69.20	2.10	-0.07	0.00
82.90	39.50	36.90	32.10	27.50	69.50	1.70	-0.07	0.00
83.00	39.50	36.80	32.00	27.60	70.00	2.10	-0.06	0.00
83.10	39.50	36.90	32.20	27.60	70.00	2.10	-0.06	0.00
83.20	39.50	36.90	32.20	27.60	69.40	2.00	-0.06	0.00
83.30	39.30	36.80	32.10	27.60	69.10	2.00	-0.06	0.00
83.40	39.20	36.60	32.00	27.50	71.10	2.00	-0.06	0.00
83.50	39.20	36.60	32.00	27.50	69.40	2.30	-0.06	0.00
83.60	39.30	36.80	31.90	27.50	68.80	2.10	-0.06	0.00
83.70	39.40	36.70	32.00	27.50	69.40	2.10	-0.06	0.00
83.80	39.40	36.70	32.00	27.50	69.20	1.70	-0.06	0.00
83.90	39.30	36.70	32.00	27.50	69.50	2.10	-0.06	0.00
84.00	39.30	36.70	32.00	27.50	69.50	2.10	-0.06	0.00
84.10	39.40	36.70	32.00	27.50	69.50	2.40	-0.05	0.00
84.20	39.30	36.80	32.00	27.60	69.40	1.30	-0.05	0.00
84.30	39.30	36.80	32.00	27.60	69.40	1.80	-0.05	0.00
84.40	39.40	36.80	32.10	27.50	69.40	1.80	-0.06	0.00
84.50	39.30	36.90	31.90	27.50	69.40	2.00	-0.05	0.00
84.60	39.30	36.90	31.90	27.50	69.40	2.10	-0.06	0.00
84.70	39.40	36.70	32.10	27.50	69.40	1.80	-0.06	0.00
84.80	39.10	36.80	32.00	27.50	69.20	2.40	-0.06	0.00
84.90	39.10	36.80	32.00	27.50	69.20	2.00	-0.06	0.00
85.00	39.30	36.80	31.90	27.40	69.20	2.00	-0.05	0.00
85.10	39.20	36.90	32.00	27.50	69.50	1.70	-0.06	0.00
85.20	39.20	36.90	32.00	27.50	69.20	2.00	-0.05	0.00
85.30	39.20	36.70	32.10	27.50	69.10	2.00	-0.05	0.00
85.40	39.30	36.70	32.00	27.40	69.10	1.80	-0.05	0.00
85.50	39.30	36.70	32.00	27.40	69.80	2.00	-0.05	0.00
85.60	39.20	36.80	32.10	27.40	69.10	2.00	-0.05	0.00
85.70	39.10	36.90	32.10	27.50	69.10	2.00	-0.06	0.00
85.80	39.10	36.90	32.10	27.50	69.40	2.10	-0.06	0.00
85.90	39.30	36.70	32.20	27.50	69.40	2.10	-0.06	0.00
86.00	39.20	36.80	32.10	27.60	69.20	1.70	-0.06	0.00
86.10	39.20	36.80	32.10	27.60	69.50	2.00	-0.05	0.00
86.20	39.20	36.80	32.10	27.40	69.20	1.80	-0.05	0.00
86.30	39.20	36.80	32.10	27.40	69.50	1.80	-0.05	0.00
86.40	39.30	36.90	32.20	27.60	69.20	2.30	-0.05	0.00
86.50	39.30	36.90	32.20	27.60	69.20	1.70	-0.06	0.00
86.60	39.30	36.70	32.00	27.40	69.80	1.80	-0.05	0.00
86.70	39.10	36.80	32.00	27.40	69.20	2.10	-0.05	0.00
86.80	39.10	36.80	32.00	27.40	69.40	1.30	-0.05	0.00
86.90	39.20	36.80	32.10	27.50	69.40	1.30	-0.05	0.00
87.00	39.30	36.90	32.00	27.40	69.20	3.30	-0.05	0.00
87.10	39.30	36.90	32.00	27.40	69.40	1.80	-0.05	0.00
87.20	39.20	36.70	32.00	27.50	69.50	2.10	-0.05	0.00
87.30	39.20	36.80	31.90	27.40	69.10	2.10	-0.05	0.00
87.40	39.20	36.80	31.90	27.40	69.10	0.60	-0.05	0.00
87.50	39.00	36.60	31.90	27.40	69.10	2.00	-0.05	0.00
87.60	39.00	36.60	31.90	27.40	69.20	1.50	-0.06	0.00
87.70	39.20	36.70	32.10	27.50	69.70	2.30	-0.06	0.00
87.80	39.40	36.80	32.10	27.50	69.20	2.30	-0.05	0.00
87.90	39.40	36.80	32.10	27.50	69.20	2.30	-0.05	0.00
88.00	39.10	36.80	32.00	27.50	69.10	1.80	-0.05	0.00
88.10	39.10	36.80	32.00	27.40	69.50	2.10	-0.05	0.00
88.20	39.20	36.90	32.10	27.60	69.70	1.70	-0.05	0.00
88.30	39.20	36.90	32.10	27.60	69.20	1.80	-0.05	0.00
88.40	39.30	36.90	32.10	27.40	69.40	2.40	-0.05	0.00
88.50	39.30	36.90	32.10	27.40	69.10	1.80	-0.05	0.00
88.60	39.20	36.80	32.00	27.60	69.40	2.10	-0.05	0.00
88.70	39.30	36.90	32.10	27.50	69.40	2.30	-0.05	0.00
88.80	39.30	36.90	32.10	27.50	69.40	2.30	-0.05	0.00
88.90	39.10	36.90	32.10	27.50	69.40	2.10	-0.05	0.00
89.00	39.20	36.80	32.00	27.50	69.40	2.00	-0.05	0.00
89.10	39.20	36.80	32.00	27.50	69.20	1.70	-0.05	0.00
89.20	39.10	36.70	32.00	27.30	69.50	2.40	-0.05	0.00
89.30	39.20	36.70	32.00	27.50	69.40	2.10	-0.05	0.00
89.40	39.20	36.70	32.00	27.50	69.40	2.00	-0.05	0.00
89.50	39.10	36.80	31.90	27.50	69.20	1.80	-0.05	0.00
89.60	39.10	36.90	32.20	27.50	69.70	2.30	-0.05	0.00
89.70	39.10	36.90	32.20	27.50	69.70	2.30	-0.05	0.00
89.80	39.10	36.90	32.10	27.50	69.70	2.30	-0.05	0.00
89.90	39.20	36.80	32.10	27.60	69.10	1.50	-0.05	0.00
90.00	39.20	36.80	32.10	27.60	69.20	2.00	-0.05	0.00
90.10	39.20	36.70	32.00	27.50	68.90	2.10	-0.05	0.00
90.20	39.00	36.90	32.00	27.50	69.40	0.60	-0.05	0.00
90.30	39.00	36.90	32.00	27.50	69.10	1.30	-0.05	0.00
90.40	39.10	36.80	32.10	27.50	69.20	2.00	-0.05	0.00
90.50	39.00	36.80	32.00	27.40	69.10	2.00	-0.05	0.00
90.60	39.00	36.80	32.00	27.40	69.70	2.10	-0.05	0.00
90.70	39.00	36.80	31.90	27.50	69.70	2.10	-0.06	0.00
90.80	39.00	36.80	31.90	27.40	69.10	1.80	-0.06	0.00
90.90	39.00	36.80	31.90	27.40	69.20	2.00	-0.05	0.00
91.00	39.00	36.80	32.10	27.50	69.20	2.10	-0.05	0.00
91.10	39.20	36.80	32.00	27.50	69.10	2.00	-0.05	0.00
91.20	39.20	36.80	32.00	27.50	69.70	1.80	-0.05	0.00
91.30	39.10	36.80	32.00	27.40	69.50	1.80	-0.05	0.00
91.40	39.10	36.70	32.00	27.40	69.10	2.00	-0.06	0.00
91.50	39.10	36.70	32.00	27.40	69.40	3.70	-0.05	0.00
91.60	39.00	36.80	32.00	27.50	69.40	3.70	-0.05	0.00
91.70	39.10	36.90	32.20	27.50	69.50	1.50	-0.05	0.00
91.80	39.10	36.90	32.20	27.50	69.70	2.00	-0.05	0.00
91.90	39.10	36.70	32.00	27.40	70.00	2.10	-0.05	0.00
92.00	39.10	36.70	32.00	27.50	69.20	2.10	-0.05	0.00
92.10	39.10	36.70	32.00	27.50	69.50	3.50	-0.05	0.00
92.20	39.00	36.70	32.00	27.40	69.10	2.00	-0.05	0.00
92.30	39.10	36.90	32.10	27.60	69.80	2.10	-0.05	0.00
92.40	39.10	36.90	32.10	27.60	69.20	2.40	-0.05	0.00
92.50	39.10	36.70	32.00	27.50	69.20	2.40	-0.05	0.00
92.60	39.10	36.70	32.00	27.50	69.40	2.10	-0.05	0.00
92.70	39.00	36.80	32.10	27.50	69.20	2.10	-0.05	0.00
92.80	38.90	36.70	32.00	27.40	69.10	2.30	-0.05	0.00
92.90	38.90	36.70	32.00	27.40	69.70	1.80	-0.05	0.00
93.00	39.00	36.70	32.10	27.40	69.10	2.30	-0.05	0.00
93.10	38.90	36.60	32.00	27.50	69.40	2.10	-0.05	0.00
93.20	38.90	36.60	32.00	27.50	69.10	2.00	-0.05	0.00
93.30	38.90	36.70	32.10	27.50	69.50	2.30	-0.05	0.00
93.40	39.00	36.60	32.00	27.40	69.50	2.30	-0.05	0.00
93.50	39.00	36.60	32.00	27.40	69.50	1.80	-0.05	0.00
93.60	39.00	36.60	32.00	27.50	69.40	2.10	-0.05	0.00
93.70	39.00	36.70	32.10	27.50	69.20	2.00	-0.05	0.00
93.80	39.00	36.70	32.10	27.50	69.10	1.80	-0.05	0.00
93.90	39.10	36.60	32.00	27.50	69.40	1.00	-0.05	0.00
94.00	38.90	36.60	32.00	27.60	69.10	2.40	-0.05	0.00
94.10	38.90	36.60	32.00	27.60	69.50	1.80	-0.05	0.00
94.20	39.10	36.60	32.10	27.60	69.20	2.10	-0.05	0.00
94.30	39.00	36.70	32.00	27.40	69.40	2.00	-0.05	0.00
94.40	39.00	36.70	32.00	27.40	69.40	2.30	-0.05	0.00
94.50	39.10	36.60	32.00	27.60	69.10	2.00	-0.05	0.00
94.60	39.00	36.70	32.00	27.50	69.70	2.00	-0.06	0.00
94.70	39.00	36.70	32.00	27.50	69.20	1.70	-0.05	0.00
94.80	38.90	36.60	32.00	27.50	69.80	2.10	-0.06	0.00
94.90	39.10	36.70	32.20	27.70	69.40	2.60	-0.05	0.00
95.00	39.10	36.70	32.20	27.70	69.50	1.80	-0.05	0.00
95.10	39.00	36.60	32.00	27.40	69.40	2.10	-0.05	0.00
95.20	39.00	36.70	32.00	27.50	69.40	1.80	-0.05	0.00
95.30	39.00	36.70	32.00	27.50	69.40	1.80	-0.05	0.00
95.40	39.10	36.70	32.00	27.50	69.20	2.00	-0.05	0.00
95.50	38.90	36.70	32.00	27.50	69.20	1.80	-0.05	0.00
95.60	38.90	36.70	32.00	27.50	69.10	2.10	-0.05	0.00
95.70	38.90	36.60	31.90	27.50	69.50	1.80	-0.05	0.00
95.80	38.90	36.70	31.90	27.50	69.40	2.00	-0.06	0.00
95.90	38.90	36.70	31.90	27.50	69.40	2.00	-0.06	0.00
96.00	39.10	36.60	32.10	27.60	69.10	2.00	-0.06	0.00
96.10	39.00	36.70	32.10	27.60	69.50	1.80	-0.06	0.00
96.20	39.00	36.70	32.10	27.60	69.50	1.80	-0.06	0.00
96.30	38.80	36.50	31.90	27.40	69.50	2.10	-0.06	0.00
96.40	38.80	36.50	31.90	27.40	69.20	2.00	-0.06	0.00
96.50	38.80	36.60	32.00	27.60	69.20	2.60	-0.06	0.00
96.60	39.00	36.70	32.20	27.60	69.40	4.00	-0.06	0.00
96.70	39.00	36.70	32.20	27.60	69.10	1.70	-0.06	0.00
96.80	39.00	36.70	32.10	27.50	69.40	2.10	-0.06	0.00
96.90	38.70	36.60	31.90	27.40	69.10	1.80	-0.06	0.00
97.00	38.70	36.60	31.90	27.40	69.50	2.00	-0.06	0.00
97.10	38.90	36.60	32.00	27.50	69.50	2.00	-0.06	0.00
97.20	38.70	36.60	31.90	27.40	69.20	1.80	-0.06	0.00
97.30	39.00	36.70	32.10	27.60	69.10	2.10	-0.06	0.00
97.40	39.00	36.70	32.10	27.60	70.90	2.00	-0.05	0.00
97.50	38.80	36.60	32.10	27.50	69.10	2.00	-0.06	0.00
97.60	38.80	36.60	32.10	27.50	69.20	1.80	-0.06	0.00
97.70	38.90	36.70	32.10	27.50	69.20	1.80	-0.06	0.00
97.80	38.90	36.70	32.10	27.50	68.10	1.80	-0.06	0.00
97.90	38.90	36.70	32.10	27.50	69.20	2.10	-0.06	0.00
98.00	39.00	36.70	32.00	27.50	69.20	2.10	-0.06	0.00
98.10	38.90	36.70	32.20	27.60	69.40	2.10	-0.06	0.00
98.20	38.90	36.70	32.20	27.60	69.40	2.00	-0.06	0.00
98.30	39.00	36.60	32.00	27.50	69.10	1.80	-0.06	0.00
98.40	38.80	36.50	32.00	27.50	69.20	2.40	-0.06	0.00
98.50	38.80	36.50	32.00	27.50	69.40	2.00	-0.06	0.00
98.60	38.80	36.50	31.90	27.40	70.30	2.30	-0.06	0.00
98.70	38.80	36.50	32.00	27.50	69.70	2.00	-0.06	0.00
98.80	38.80	36.50	32.00	27.50	69.10	2.00	-0.06	0.00
98.90	38.80	36.60	32.10	27.50	69.10	2.00	-0.06	0.00
99.00	38.80	36.60	32.10	27.50	69.10	2.00	-0.06	0.00
99.10	38.80	36.60	32.00	27.60	69.20	2.10	-0.06	0.00
99.20	38.80	36.70	32.00	27.50	69.70	2.00	-0.06	0.00
99.30	38.80	36.70	32.00	27.50	69.20	2.00	-0.06	0.00
99.40	38.90	36.70	32.20	27.50	69.20	2.10	-0.06	0.00
99.50	38.80	36.80	32.10	27.60	69.40	2.10	-0.06	0.00
99.60	38.80	36.80	32.10	27.60	69.40	2.00	-0.06	0.00
99.70	38.80	36.80	32.00	27.50	69.40	2.00	-0.06	0.00
99.80	38.80	36.80	32.00	27.50	69.20	1.80	-0.06	0.00
99.90	38.80	36.70	32.00	27.50	69.20	1.80	-0.06	0.00
100.00	38.70	36.70	31.90	27.50	68.90	2.00	-0.06	0.00
100.10	38.70	36.70	31.90	27.50	69.20	2.00	-0.06	0.00
100.20	38.80	36.70	32.10	27.40	69.20	1.70	-0.06	0.00
100.30	38.80	36.70	32.10	27.40	69.50	2.10	-0.06	0.00
100.40	38.90	36.70	32.00	27.60	69.20	2.30	-0.06	0.00
100.50	38.90	36.70	32.00	27.40	68.90	1.80	-0.06	0.00
100.60	38.90	36.70	32.00	27.40	69.50	2.00	-0.06	0.00
100.70	38.80	36.70	32.00	27.40	69.10	2.00	-0.06	0.00
100.80	38.90	36.60	32.00	27.40	69.10	2.00	-0.06	0.00
100.90	38.90	36.60	32.00	27.40	69.40	2.00	-0.06	0.00
101.00	39.00	36.70	32.10	27.60	69.20	1.80	-0.06	0.00
101.10	38.90	36.70	32.10	27.60	68.80	1.70	-0.06	0.00
101.20	38.90	36.70	32.10	27.60	69.10	2.10	-0.06	0.00
101.30	38.70	36.70	32.00	27.50	69.20	1.30	-0.06	0.00
101.40	38.70	36.60	32.00	27.40	69.10	2.00	-0.06	0.00
101.50	38.70	36.60	32.00	27.40	69.10	2.00	-0.06	0.00
101.60	38.80	36.70	32.10	27.50	69.20	2.00	-0.06	0.00
101.70	38.80	36.70	32.10	27.50	69.20	2.00	-0.06	0.00
101.80	38.80	36.60	32.00	27.50	69.20	2.00	-0.06	0.00
101.90	38.70	36.60	32.00	27.40	69.20	2.00	-0.06	0.00
102.00	38.70	36.60	32.00	27.40	69.20	2.10	-0.06	0.00
102.10	39.00	36.70	32.10	27.60	68.60	1.70	-0.06	0.00
102.20	38.70	36.70	32.00	27.50	69.80	2.10	-0.06	0.00
102.30	38.70	36.70	32.00	27.50	69.20	2.10	-0.06	0.00
102.40	38.70	36.60	32.00	27.50	69.20	2.10	-0.06	0.00
102.50	38.90	36.80	32.10	27.60	69.50	1.80	-0.06	0.00
102.60	38.90	36.80	32.10	27.60	69.50	2.10	-0.06	0.00
102.70	38.80	36.60	32.00	27.50	69.50	2.10	-0.06	0.00
102.80	38.80	36.60	32.00	27.50	69.20	2.00	-0.06	0.00
102.90	38.70	36.70	32.10	27.50	68.80	2.30	-0.07	0.00
103.00	38.60	36.40	31.90	27.40	69.20	1.00	-0.06	0.00
103.10	38.60	36.40	31.90	27.40	69.20	2.10	-0.06	0.00
103.20	38.80	36.60	32.00	27.50	69.40	1.70	-0.06	0.00
103.30	38.80	36.50	32.00	27.40	69.80	1.80	-0.06	0.00
103.40	38.80	36.50	32.00	27.40	68.90	2.00	-0.06	0.00
103.50	38.70	36.70	32.00	27.50	69.10	2.00	-0.07	0.00
103.60	38.70	36.80	32.10	27.60	69.10	2.00	-0.07	0.00
103.70	38.70	36.80	32.10	27.60	69.40	0.70	-0.07	0.00
103.80	38.60	36.70	31.90	27.40	69.20	2.70	-0.06	0.00
103.90	38.70	36.50	31.90	27.40	69.50	2.00	-0.07	0.00
104.00	38.70	36.50	31.90	27.40	69.20	2.30	-0.07	0.00
104.10	38.70	36.60	32.10	27.60	69.20	1.80	-0.06	0.00
104.20	38.70	36.60	32.10	27.60	69.20	2.00	-0.06	0.00
104.30	38.80	36.60	32.10	27.50	69.10	1.80	-0.06	0.00
104.40	38.60	36.70	32.10	27.60	69.40	2.00	-0.07	0.00
104.50	38.60	36.60	32.00	27.50	69.40	2.00	-0.06	0.00
104.60	38.60	36.60	32.00	27.50	69.40	2.00	-0.06	0.00
104.70	38.70	36.70	32.00	27.50	69.10	2.60	-0.06	0.00
104.80	38.70	36.70	32.00	27.50	69.20	2.00	-0.06	0.00
104.90	38.80	36.80	32.10	27.50	69.40	2.30	-0.07	0.00
105.00	38.70	36.60	32.00	27.40	69.50	1.70	-0.07	0.00
105.10	38.70	36.60	32.00	27.40	68.90	1.00	-0.07	0.00
105.20	38.80	36.70	32.10	27.60	70.50	2.10	-0.07	0.00
105.30	38.70	36.50	32.00	27.40	69.40	2.00	-0.07	0.00
105.40	38.70	36.50	32.00	27.40	69.10	1.80	-0.07	0.00
105.50	38.70	36.70	32.10	27.50	69.10	1.80	-0.07	0.00
105.60	38.70	36.70	32.10	27.50	69.10	2.10	-0.07	0.00
105.70	38.70	36.70	32.10	27.50	69.40	1.80	-0.07	0.00
105.80	38.70	36.60	31.90	27.40	70.60	2.00	-0.07	0.00
105.90	38.70	36.60	32.00	27.50	69.10	2.00	-0.07	0.00
106.00	38.70	36.60	32.00	27.50	69.20	2.10	-0.07	0.00
106.10	38.80	36.80	32.10	27.50	69.10	2.00	-0.07	0.00
106.20	38.80	36.80	32.10	27.50	68.90	2.00	-0.07	0.00
106.30	38.60	36.60	31.90	27.40	69.20	2.00	-0.07	0.00
106.40	38.60	36.70	32.00	27.50	69.20	2.00	-0.07	0.00
106.50	38.60	36.70	32.00	27.50	69.50	2.10	-0.07	0.00
106.60	38.70	36.70	32.10	27.50	69.10	2.00	-0.07	0.00
106.70	38.70	36.70	32.10	27.50	68.90	2.00	-0.07	0.00
106.80	38.60	36.60	32.10	27.50	69.50	2.10	-0.07	0.00
106.90	38.50	36.60	32.00	27.60	69.20	2.00	-0.07	0.00
107.00	38.50	36.60	32.00	27.60	69.50	2.00	-0.07	0.00
107.10	38.60	36.70	32.00	27.50	69.10	1.70	-0.07	0.00
107.20	38.60	36.60	32.00	27.50	68.90	2.00	-0.07	0.00
107.30	38.60	36.60	32.00	27.50	68.90	2.00	-0.07	0.00
107.40	38.70	36.70	32.10	27.50	69.10	2.10	-0.07	0.00
107.50	38.70	36.80	32.10	27.50	69.40	2.10	-0.07	0.00
107.60	38.70	36.80	32.10	27.50	69.20	2.10	-0.07	0.00
107.70	38.50	36.70	32.00	27.50	69.20	2.30	-0.07	0.00
107.80	38.60	36.60	31.90	27.50	69.20	2.00	-0.07	0.00
107.90	38.60	36.60	31.90	27.50	68.90	1.80	-0.07	0.00
108.00	38.60	36.60	32.00	27.50	69.20	2.00	-0.07	0.00
108.10	38.60	36.60	32.00	27.50	68.90	2.10	-0.07	0.00
108.20	38.60	36.70	32.00	27.50	68.90	2.10	-0.07	0.00
108.30	38.40	36.70	32.00	27.50	69.50	1.80	-0.07	0.00
108.40	38.60	36.70	32.00	27.60	69.10	1.20	-0.07	0.00
108.50	38.60	36.70	32.00	27.60	69.40	1.80	-0.07	0.00
108.60	38.70	36.60	32.10	27.50	69.80	2.30	-0.07	0.00
108.70	38.50	36.70	32.00	27.40	69.20	1.30	-0.07	0.00
108.80	38.50	36.70	32.00	27.40	69.40	0.70	-0.07	0.00
108.90	38.60	36.70	32.00	27.60	69.10	2.00	-0.07	0.00
109.00	38.50	36.60	31.90	27.50	69.50	1.70	-0.07	0.00
109.10	38.50	36.60	31.90	27.50	69.50	1.70	-0.07	0.00
109.20	38.60	36.70	32.10	27.60	69.40	2.00	-0.07	0.00
109.30	38.60	36.70	32.10	27.60	68.30	2.10	-0.07	0.00
109.40	38.70	36.60	32.00	27.50	69.10	2.00	-0.07	0.00
109.50	38.70	36.60	32.00	27.50	69.10	2.30	-0.07	0.00
109.60	38.70	36.70	32.10	27.50	69.40	2.10	-0.07	0.00
109.70	38.40	36.60	32.00	27.50	69.40	2.10	-0.07	0.00
109.80	38.40	36.60	32.00	27.50	69.10	2.00	-0.07	0.00
109.90	38.60	36.60	31.90	27.50	69.20	0.90	-0.07	0.00
110.00	38.30	36.60	31.90	27.50	68.10	2.00	-0.07	0.00
110.10	38.30	36.60	31.90	27.50	68.10	2.00	-0.07	0.00
110.20	38.60	36.60	32.10	27.50	68.90	2.00	-0.07	0.00
110.30	38.50	36.60	31.90	27.50	69.20	0.90	-0.07	0.00
110.40	38.50	36.60	31.90	27.50	69.40	1.80	-0.07	0.00
110.50	38.50	36.60	31.90	27.40	69.20	2.00	-0.07	0.00
110.60	38.50	36.60	31.90	27.40	69.50	2.10	-0.07	0.00
110.70	38.70	36.60	32.00	27.50	69.20	2.10	-0.07	0.00
110.80	38.60	36.60	32.00	27.50	69.50	2.10	-0.07	0.00
110.90	38.60	36.60	32.00	27.50	69.20	2.30	-0.07	0.00
111.00	38.50	36.60	32.00	27.60	69.20	1.70	-0.07	0.00
111.10	38.60	36.70	32.00	27.50	69.20	1.70	-0.07	0.00
111.20	38.60	36.70	32.00	27.50	69.10	2.10	-0.07	0.00
111.30	38.50	36.70	32.10	27.60	69.20	2.10	-0.07	0.00
111.40	38.70	36.80	32.00	27.60	69.50	2.10	-0.08	0.00
111.50	38.70	36.80	32.00	27.60	69.20	3.20	-0.08	0.00
111.60	38.60	36.70	32.00	27.60	69.20	0.90	-0.08	0.00
111.70	38.60	36.70	32.00	27.60	69.40	2.30	-0.08	0.00
111.80	38.50	36.70	32.00	27.60	69.20	1.80	-0.08	0.00
111.90	38.50	36.60	32.10	27.50	69.50	1.80	-0.07	0.00
112.00	38.50	36.60	32.10	27.50	68.80	1.80	-0.08	0.00
112.10	38.60	36.70	32.10	27.50	68.80	1.80	-0.08	0.00
112.20	38.50	36.70	32.00	27.40	69.10	2.00	-0.08	0.00
112.30	38.50	36.70	32.00	27.40	69.10	1.80	-0.08	0.00
112.40	38.60	36.70	32.00	27.50	69.20	2.10	-0.08	0.00
112.50	38.60	36.70	32.00	27.50	69.50	1.70	-0.08	0.00
112.60	38.60	36.70	32.00	27.50	69.70	2.00	-0.07	0.00
112.70	38.50	36.60	32.20	27.50	69.10	2.00	-0.08	0.00
112.80	38.50	36.70	31.90	27.40	68.80	2.10	-0.08	0.00
112.90	38.50	36.70	31.90	27.40	69.10	1.80	-0.08	0.00
113.00	38.40	36.60	31.90	27.40	69.10	1.80	-0.08	0.00
113.10	38.70	36.70	32.00	27.50	69.40	2.10	-0.08	0.00
113.20	38.70	36.70	32.00	27.50	69.20	2.10	-0.08	0.00
113.30	38.50	36.70	32.00	27.50	69.40	1.80	-0.08	0.00
113.40	38.50	36.60	32.00	27.50	68.90	1.80	-0.08	0.00
113.50	38.50	36.60	32.00	27.50	68.90	2.00	-0.08	0.00
113.60	38.40	36.80	32.10	27.50	68.90	2.00	-0.08	0.00
113.70	38.40	36.80	32.10	27.50	69.20	2.00	-0.08	0.00
113.80	38.50	36.70	32.00	27.50	69.40	1.80	-0.08	0.00
113.90	38.50	36.70	32.00	27.60	69.20	2.10	-0.08	0.00
114.00	38.50	36.70	32.00	27.60	69.40	1.80	-0.08	0.00
114.10	38.40	36.70	32.00	27.40	69.10	1.30	-0.08	0.00
114.20	38.50	36.70	32.00	27.40	69.10	1.70	-0.08	0.00
114.30	38.50	36.70	32.00	27.40	69.70	2.00	-0.08	0.00
114.40	38.40	36.60	32.10	27.50	69.10	2.00	-0.08	0.00
114.50	38.40	36.70	32.00	27.50	69.20	2.10	-0.08	0.00
114.60	38.40	36.70	32.00	27.50	69.10	2.60	-0.08	0.00
114.70	38.50	36.70	32.10	27.50	69.40	2.10	-0.08	0.00
114.80	38.50	36.60	32.00	27.50	69.20	2.00	-0.08	0.00
114.90	38.50	36.60	32.00	27.50	69.20	2.00	-0.08	0.00
115.00	38.50	36.70	31.90	27.50	69.40	2.10	-0.08	0.00
115.10	38.50	36.70	31.90	27.60	69.10	1.70	-0.08	0.00
115.20	38.50	36.70	31.90	27.60	68.90	2.10	-0.08	0.00
115.30	38.40	36.60	32.10	27.30	69.70	1.80	-0.08	0.00
115.40	38.40	36.60	32.00	27.60	69.80	1.70	-0.08	0.00
115.50	38.40	36.60	32.00	27.60	68.90	2.00	-0.08	0.00
115.60	38.40	36.80	32.10	27.50	69.10	2.00	-0.08	0.00
115.70	38.40	36.70	32.00	27.60	69.10	2.10	-0.08	0.00
115.80	38.40	36.70	32.00	27.60	69.10	2.10	-0.08	0.00
115.90	38.40	36.60	31.90	27.50	69.10	2.10	-0.08	0.00
116.00	38.40	36.60	31.90	27.50	69.10	2.10	-0.08	0.00
116.10	38.40	36.70	32.00	27.60	69.40	1.50	-0.08	0.00
116.20	38.40	36.70	32.00	27.60	69.40	2.00	-0.08	0.00
116.30	38.40	36.70	32.00	27.60	69.40	2.10	-0.08	0.00
116.40	38.40	36.60	32.00	27.50	69.10	2.10	-0.08	0.00
116.50	38.40	36.60	32.00	27.50	69.10	1.80	-0.08	0.00
116.60	38.40	36.60	31.80	27.40	69.10	2.30	-0.08	0.00
116.70	38.30	36.60	32.10	27.50	69.10	2.10	-0.08	0.00
116.80	38.30	36.60	32.10	27.50	69.10	2.10	-0.08	0.00
116.90	38.40	36.60	32.00	27.60	69.20	2.10	-0.08	0.00
117.00	38.50	36.70	32.10	27.60	69.20	2.10	-0.08	0.00
117.10	38.50	36.70	32.10	27.60	69.20	1.70	-0.08	0.00
117.20	38.50	36.60	32.20	27.60	69.10	2.10	-0.08	0.00
117.30	38.30	36.60	32.10	27.50	69.10	1.80	-0.08	0.00
117.40	38.30	36.60	32.10	27.50	69.20	2.10	-0.08	0.00
117.50	38.40	36.50	32.00	27.50	69.70	1.50	-0.08	0.00
117.60	38.40	36.50	32.00	27.50	68.00	2.00	-0.08	0.00
117.70	38.30	36.50	32.00	27.40	68.00	2.00	-0.08	0.00
117.80	38.40	36.70	32.00	27.50	69.10	2.00	-0.08	0.00
117.90	38.40	36.70	32.00	27.50	68.10	2.40	-0.08	0.00
118.00	38.30	36.60	32.00	27.50	69.10	1.80	-0.09	0.00
118.10	38.50	36.50	32.00	27.40	69.10	2.00	-0.10	0.00
118.20	38.50	36.50	32.00	27.40	68.90	1.80	-0.10	0.00
118.30	38.50	36.70	32.10	27.60	69.10	2.00	-0.10	0.00
118.40	38.40	36.80	32.10	27.60	69.20	2.00	-0.10	0.00
118.50	38.40	36.80	32.10	27.60	69.10	1.50	-0.10	0.00
118.60	38.40	36.70	32.10	27.50	69.20	2.10	-0.10	0.00
118.70	38.40	36.70	32.10	27.50	69.20	2.10	-0.10	0.00
118.80	38.40	36.80	32.00	27.60	69.20	1.80	-0.10	0.00
118.90	38.30	36.60	31.90	27.50	69.40	2.10	-0.10	0.00
119.00	38.30	36.60	31.90	27.50	69.20	2.00	-0.10	0.00
119.10	38.50	36.60	32.10	27.50	69.50	1.80	-0.10	0.00
119.20	38.40	36.60	32.10	27.60	69.20	1.80	-0.02	0.00
119.30	38.40	36.60	32.10	27.60	69.20	2.00	0.00	0.00
119.40	38.40	36.70	32.00	27.50	68.90	2.10	0.00	0.00
119.50	38.30	36.70	32.00	27.60	69.20	2.10	0.00	0.00
119.60	38.30	36.70	32.00	27.60	69.20	2.10	0.00	0.00
119.70	38.40	36.70	32.10	27.60	69.20	2.10	0.00	0.00
119.80	38.40	36.70	32.10	27.60	69.50	1.80	0.00	0.00
119.90	38.40	36.80	32.10	27.60	69.40	2.40	0.00	0.00
120.00	38.40	36.70	32.10	27.60	69.20	1.80	0.00	0.00
120.10	38.40	36.70	32.10	27.60	69.10	2.00	0.00	0.00
120.20	38.40	36.70	32.00	27.60	69.10	2.10	0.00	0.00
120.30	38.40	36.60	32.10	27.60	69.10	2.10	0.00	0.00
120.40	38.40	36.60	32.10	27.60	69.20	1.30	0.00	0.00
120.50	38.30	36.70	32.10	27.50	69.20	1.30	0.00	0.00
120.60	38.30	36.70	32.10	27.50	69.20	1.70	0.00	0.00
120.70	38.30	36.70	32.10	27.50	69.10	1.50	0.00	0.00
120.80	38.20	36.70	32.00	27.50	69.10	2.30	0.00	0.00
120.90	38.40	36.70	32.10	27.70	69.10	1.80	0.00	0.00
121.00	38.40	36.70	32.10	27.70	69.20	2.00	0.00	0.00
121.10	38.30	36.70	32.00	27.50	70.60	2.00	0.00	0.00
121.20	38.20	36.60	31.90	27.50	69.10	2.60	0.00	0.00
121.30	38.20	36.60	31.90	27.50	71.10	2.10	0.00	0.00
121.40	38.30	36.70	32.00	27.50	69.20	1.20	0.00	0.00
121.50	38.30	36.70	32.00	27.50	68.90	1.70	0.00	0.00
121.60	38.30	36.70	32.10	27.50	69.20	1.80	0.00	0.00
121.70	38.30	36.60	32.00	27.50	69.10	2.10	0.00	0.00
121.80	38.30	36.60	32.00	27.50	69.10	2.10	0.00	0.00
121.90	38.40	36.70	32.00	27.50	69.20	2.10	0.00	0.00
122.00	38.40	36.70	32.10	27.60	69.10	2.00	0.00	0.00
122.10	38.40	36.70	32.10	27.60	69.50	2.90	0.00	0.00
122.20	38.40	36.70	32.10	27.70	69.10	1.80	0.00	0.00
122.30	38.20	36.70	31.90	27.50	69.40	2.70	0.00	0.00
122.40	38.20	36.70	31.90	27.50	69.40	2.70	0.00	0.00
122.50	38.30	36.60	32.00	27.50	69.50	2.00	0.00	0.00
122.60	38.40	36.80	32.10	27.50	69.20	2.00	0.00	0.00
122.70	38.40	36.80	32.10	27.50	69.10	2.10	0.00	0.00
122.80	38.40	36.70	32.00	27.40	69.20	2.00	0.00	0.00
122.90	38.30	36.70	32.00	27.50	69.20	2.30	0.00	0.00
123.00	38.30	36.70	32.00	27.50	69.20	2.00	0.00	0.00
123.10	38.40	36.80	32.10	27.50	69.40	2.10	0.00	0.00
123.20	38.30	36.60	32.10	27.40	69.10	2.10	0.00	0.00
123.30	38.30	36.60	32.10	27.40	69.10	2.10	0.00	0.00
123.40	38.40	36.70	32.10	27.60	69.20	2.10	0.00	0.00
123.50	38.40	36.70	32.10	27.60	69.20	2.10	0.00	0.00
123.60	38.10	36.60	32.00	27.40	69.10	1.80	0.00	0.00
123.70	38.30	36.70	32.10	27.50	69.10	2.00	0.00	0.00
123.80	38.30	36.70	32.10	27.50	70.00	2.00	0.00	0.00
123.90	38.40	36.70	32.10	27.50	68.30	2.00	0.00	0.00
124.00	38.20	36.60	31.90	27.40	69.80	2.00	0.00	0.00
124.10	38.20	36.60	31.90	27.40	69.80	2.00	0.00	0.00
124.20	38.30	36.80	32.10	27.50	68.90	0.60	0.00	0.00
124.30	38.30	36.80	32.10	27.50	69.10	2.00	0.00	0.00
124.40	38.20	36.70	32.10	27.60	69.10	2.00	0.00	0.00
124.50	38.30	36.70	31.90	27.60	69.10	2.00	0.00	0.00
124.60	38.30	36.70	31.90	27.60	69.40	2.10	0.00	0.00
124.70	38.10	36.60	32.00	27.50	69.40	2.00	0.00	0.00
124.80	38.30	36.70	32.10	27.50	69.80	2.00	0.00	0.00
124.90	38.30	36.70	32.10	27.50	69.20	2.30	0.00	0.00
125.00	38.30	36.70	32.00	27.50	69.10	2.60	0.00	0.00
125.10	38.30	36.70	32.10	27.60	69.10	2.60	0.00	0.00
125.20	38.30	36.70	32.10	27.60	68.90	2.00	0.00	0.00
125.30	38.20	36.60	32.10	27.40	69.20	2.00	0.00	0.00
125.40	38.20	36.60	32.10	27.40	69.20	2.30	0.00	0.00
125.50	38.30	36.60	31.90	27.40	69.10	2.00	0.00	0.00
125.60	38.30	36.60	31.90	27.40	69.10	2.30	0.00	0.00
125.70	38.20	36.70	32.10	27.40	69.10	1.80	0.00	0.00
125.80	38.30	36.60	32.10	27.50	69.10	2.00	0.00	0.00
125.90	38.30	36.60	32.10	27.50	69.10	2.10	0.00	0.00
126.00	38.30	36.80	32.10	27.60	69.10	2.00	0.00	0.00
126.10	38.30	36.60	32.00	27.40	69.10	2.00	0.00	0.00
126.20	38.30	36.60	32.00	27.40	69.10	2.00	0.00	0.00
126.30	38.10	36.60	32.00	27.40	69.40	2.00	0.00	0.00
126.40	38.30	36.50	31.90	27.40	69.20	1.70	0.00	0.00
126.50	38.30	36.50	31.90	27.40	69.20	2.00	0.00	0.00
126.60	38.20	36.60	32.00	27.50	69.10	1.80	0.00	0.00
126.70	38.20	36.60	32.00	27.40	68.90	2.30	0.00	0.00
126.80	38.20	36.60	32.00	27.40	68.90	2.40	0.00	0.00
126.90	38.20	36.60	32.10	27.50	68.30	2.30	0.00	0.00
127.00	38.10	36.60	32.00	27.50	68.30	2.30	0.00	0.00
127.10	38.10	36.60	32.00	27.50	69.10	2.00	0.00	0.00
127.20	38.20	36.70	32.10	27.50	68.00	2.30	0.00	0.00
127.30	38.20	36.70	32.10	27.40	69.10	2.00	0.00	0.00
127.40	38.20	36.70	32.10	27.40	69.10	3.70	0.00	0.00
127.50	38.20	36.70	32.10	27.40	69.10	1.80	0.00	0.00
127.60	38.20	36.60	32.00	27.40	69.70	2.00	0.00	0.00
127.70	38.20	36.60	32.00	27.40	69.50	1.80	0.00	0.00
127.80	38.20	36.50	32.10	27.40	69.20	2.00	0.00	0.00
127.90	38.20	36.50	32.10	27.40	69.20	2.00	0.00	0.00
128.00	38.10	36.60	32.00	27.40	69.20	2.10	0.00	0.00
128.10	38.10	36.60	32.00	27.40	69.20	1.70	0.00	0.00
128.20	38.10	36.60	32.00	27.40	68.90	1.70	0.00	0.00
128.30	38.20	36.60	32.10	27.40	69.10	2.10	0.00	0.00
128.40	38.10	36.60	32.00	27.40	69.10	1.80	0.00	0.00
128.50	38.10	36.60	32.00	27.40	68.30	2.10	0.00	0.00
128.60	38.30	36.60	32.00	27.50	69.20	2.10	0.00	0.00
128.70	38.30	36.60	32.00	27.50	69.10	2.10	0.00	0.00
128.80	38.30	36.50	32.00	27.50	69.40	2.00	0.00	0.00
128.90	38.20	36.60	32.00	27.40	69.40	2.00	0.00	0.00
129.00	38.20	36.60	32.00	27.40	68.60	1.70	0.00	0.00
129.10	38.20	36.60	32.00	27.50	69.10	2.30	0.00	0.00
129.20	38.20	36.60	32.00	27.50	69.20	2.00	0.00	0.00
129.30	38.20	36.60	32.00	27.50	69.20	2.40	0.00	0.00
129.40	38.10	36.50	32.00	27.50	69.10	2.10	0.00	0.00
129.50	38.10	36.60	32.10	27.50	69.10	1.80	0.00	0.00
129.60	38.10	36.60	32.10	27.50	69.20	2.10	0.00	0.00
129.70	38.20	36.60	32.10	27.40	69.40	2.10	0.00	0.00
129.80	38.20	36.60	32.10	27.40	69.40	2.60	0.00	0.00
129.90	38.10	36.60	31.90	27.30	69.40	2.60	0.00	0.00
130.00	38.10	36.50	31.90	27.40	68.90	2.00	0.00	0.00
130.10	38.10	36.50	31.90	27.40	69.40	2.10	0.00	0.00
130.20	38.20	36.70	32.10	27.50	68.10	2.00	0.00	0.00
130.30	38.20	36.60	31.90	27.50	69.40	2.00	0.00	0.00
130.40	38.20	36.60	31.90	27.50	69.10	1.80	0.00	0.00
130.50	38.10	36.60	32.00	27.40	69.20	2.00	0.00	0.00
130.60	38.20	36.70	32.10	27.50	69.20	2.40	0.00	0.00
130.70	38.20	36.70	32.10	27.50	69.40	2.10	0.00	0.00
130.80	38.00	36.60	31.90	27.30	69.40	2.10	0.00	0.00
130.90	38.10	36.60	32.00	27.50	69.10	2.30	0.00	0.00
131.00	38.10	36.60	32.00	27.50	69.10	1.80	0.00	0.00
131.10	38.20	36.60	32.10	27.50	69.20	2.10	0.00	0.00
131.20	38.10	36.60	32.00	27.50	68.90	1.80	0.00	0.00
131.30	38.10	36.60	32.00	27.50	68.90	1.80	0.00	0.00
131.40	38.00	36.60	32.00	27.50	69.10	2.00	0.00	0.00
131.50	38.10	36.60	32.10	27.50	68.90	2.00	0.00	0.00
131.60	38.10	36.60	32.10	27.50	69.10	2.10	0.00	0.00
131.70	38.20	36.60	32.00	27.40	69.10	2.10	0.00	0.00
131.80	38.20	36.60	32.00	27.40	69.40	2.90	0.00	0.00
131.90	38.20	36.70	32.10	27.70	69.20	2.30	0.00	0.00
132.00	38.20	36.60	32.10	27.40	69.40	2.10	0.00	0.00
132.10	38.20	36.60	32.10	27.40	69.10	2.30	0.00	0.00
132.20	38.00	36.50	32.00	27.40	68.80	2.00	0.00	0.00
132.30	38.20	36.70	32.10	27.50	69.10	2.10	0.00	0.00
132.40	38.20	36.70	32.10	27.50	69.50	4.00	0.00	0.00
132.50	38.00	36.50	31.90	27.30	68.60	2.30	0.00	0.00
132.60	38.10	36.60	32.10	27.60	69.20	2.00	0.00	0.00
132.70	38.10	36.60	32.10	27.60	69.20	2.00	0.00	0.00
132.80	38.00	36.40	32.00	27.40	69.10	2.00	0.00	0.00
132.90	38.20	36.50	32.00	27.50	69.50	2.10	0.00	0.00
133.00	38.20	36.50	32.00	27.50	68.90	2.00	0.00	0.00
133.10	38.10	36.60	32.00	27.60	69.10	2.30	0.00	0.00
133.20	38.20	36.60	32.20	27.60	69.20	2.10	0.00	0.00
133.30	38.20	36.60	32.20	27.60	69.20	2.10	0.00	0.00
133.40	38.10	36.70	32.00	27.40	68.80	2.10	0.00	0.00
133.50	38.00	36.50	32.00	27.40	69.10	2.30	0.00	0.00
133.60	38.00	36.50	32.00	27.40	69.10	2.30	0.00	0.00
133.70	38.00	36.60	32.10	27.40	69.10	1.70	0.00	0.00
133.80	38.00	36.50	32.00	27.40	69.10	1.70	0.00	0.00
133.90	38.00	36.50	32.00	27.40	69.10	2.00	0.00	0.00
134.00	38.10	36.60	32.00	27.40	68.90	2.10	0.00	0.00
134.10	37.90	36.60	32.00	27.40	68.80	2.00	0.00	0.00
134.20	37.90	36.60	32.00	27.40	69.10	2.00	0.00	0.00
134.30	38.10	36.60	32.00	27.50	68.90	2.00	0.00	0.00
134.40	38.10	36.60	32.10	27.50	69.20	2.30	0.00	0.00
134.50	38.10	36.60	32.10	27.50	69.20	2.30	0.00	0.00
134.60	38.00	36.50	32.10	27.50	69.10	2.10	0.00	0.00
134.70	38.00	36.50	32.10	27.50	69.20	2.00	0.00	0.00
134.80	37.90	36.50	32.00	27.50	69.10	1.30	0.00	0.00
134.90	38.00	36.60	32.10	27.50	68.90	1.70	0.00	0.00
135.00	38.00	36.60	32.10	27.50	69.10	2.00	0.00	0.00
135.10	38.00	36.50	32.00	27.40	69.40	1.70	0.00	0.00
135.20	38.00	36.50	32.00	27.50	69.10	2.00	0.00	0.00
135.30	38.00	36.50	32.00	27.50	69.10	2.10	0.00	0.00
135.40	38.00	36.60	32.00	27.60	68.80	2.10	0.00	0.00
135.50	38.00	36.50	32.00	27.50	68.80	2.10	0.00	0.00
135.60	38.00	36.50	32.00	27.50	69.10	2.60	0.00	0.00
135.70	38.00	36.60	32.00	27.50	69.40	1.80	0.00	0.00
135.80	38.00	36.60	32.00	27.50	69.10	2.00	0.00	0.00
135.90	38.10	36.60	32.00	27.40	69.10	2.30	0.00	0.00
136.00	38.00	36.50	32.00	27.50	68.90	2.10	0.00	0.00
136.10	38.00	36.50	32.00	27.50	69.10	2.10	0.00	0.00
136.20	38.00	36.50	32.00	27.40	69.50	2.00	0.00	0.00
136.30	38.00	36.60	32.10	27.50	69.20	2.10	0.00	0.00
136.40	38.00	36.60	32.10	27.50	69.50	1.70	0.00	0.00
136.50	37.90	36.50	32.00	27.50	69.50	1.70	0.00	0.00
136.60	38.10	36.60	32.20	27.60	69.10	2.00	0.00	0.00
136.70	38.10	36.60	32.20	27.60	70.10	2.10	0.00	0.00
136.80	37.90	36.50	32.10	27.60	69.70	2.10	0.00	0.00
136.90	38.20	36.60	32.00	27.60	69.10	2.00	0.00	0.00
137.00	38.20	36.60	32.00	27.60	69.10	2.30	0.00	0.00
137.10	38.20	36.60	32.10	27.50	69.10	2.00	0.00	0.00
137.20	38.10	36.60	32.00	27.60	68.90	1.20	0.00	0.00
137.30	38.10	36.60	32.00	27.60	69.10	2.10	0.00	0.00
137.40	38.00	36.50	32.10	27.50	68.90	2.10	0.00	0.00
137.50	38.00	36.50	32.10	27.50	68.90	2.10	0.00	0.00
137.60	38.00	36.60	32.00	27.50	69.40	2.10	0.00	0.00
137.70	38.00	36.60	32.00	27.50	70.60	2.10	0.00	0.00
137.80	37.90	36.60	32.10	27.50	68.90	2.00	0.00	0.00
137.90	37.90	36.60	32.10	27.50	69.40	2.00	0.00	0.00
138.00	38.10	36.50	32.10	27.60	69.40	2.60	0.00	0.00
138.10	38.10	36.50	32.10	27.60	69.10	1.80	0.00	0.00
138.20	37.90	36.60	32.10	27.70	68.30	2.00	0.00	0.00
138.30	38.00	36.60	32.10	27.60	68.90	2.10	0.00	0.00
138.40	38.00	36.60	32.10	27.60	68.90	2.10	0.00	0.00
138.50	37.90	36.50	32.00	27.50	68.90	2.10	0.00	0.00
138.60	37.90	36.50	32.00	27.60	69.50	2.10	0.00	0.00
138.70	37.90	36.50	32.00	27.60	69.20	1.80	0.00	0.00
138.80	38.00	36.40	32.00	27.50	69.10	2.00	0.00	0.00
138.90	38.00	36.60	32.20	27.60	69.40	1.80	0.00	0.00
139.00	38.00	36.60	32.20	27.60	68.90	2.00	0.00	0.00
139.10	38.00	36.50	31.90	27.50	69.80	1.70	0.00	0.00
139.20	37.90	36.60	32.10	27.40	68.90	1.80	0.00	0.00
139.30	37.90	36.60	32.10	27.40	68.90	1.80	0.00	0.00
139.40	38.00	36.60	32.10	27.60	68.80	2.30	0.00	0.00
139.50	37.80	36.60	32.10	27.60	68.60	2.00	0.00	0.00
139.60	37.80	36.60	32.10	27.60	68.90	2.10	0.00	0.00
139.70	37.90	36.60	31.90	27.50	69.20	2.30	0.00	0.00
139.80	38.00	36.60	32.10	27.50	69.10	2.10	0.00	0.00
139.90	38.00	36.60	32.10	27.50	68.90	1.80	0.00	0.00
140.00	38.00	36.50	32.10	27.50	69.10	2.00	0.00	0.00
140.10	37.90	36.60	32.10	27.60	67.80	2.40	0.00	0.00
140.20	37.90	36.60	32.10	27.60	68.90	2.10	0.00	0.00
140.30	38.00	36.60	32.00	27.60	69.10	2.10	0.00	0.00
140.40	38.00	36.50	32.00	27.40	69.10	1.80	0.00	0.00
140.50	38.00	36.50	32.00	27.40	68.90	2.30	0.00	0.00
140.60	38.00	36.60	32.00	27.50	69.20	2.30	0.00	0.00
140.70	38.00	36.60	32.00	27.50	69.20	2.00	0.00	0.00
140.80	37.90	36.50	31.90	27.50	69.10	2.30	0.00	0.00
140.90	37.90	36.50	32.10	27.60	69.70	2.30	0.00	0.00
141.00	37.90	36.50	32.10	27.60	68.90	2.30	0.00	0.00
141.10	38.10	36.60	32.10	27.70	69.20	2.10	0.00	0.00
141.20	38.00	36.60	32.00	27.60	69.20	2.10	0.00	0.00
141.30	38.00	36.60	32.00	27.60	68.90	1.50	0.00	0.00
141.40	38.00	36.50	32.00	27.50	68.90	1.80	0.00	0.00
141.50	38.00	36.60	32.10	27.60	69.10	2.00	0.00	0.00
141.60	38.00	36.60	32.10	27.60	69.20	2.30	0.00	0.00
141.70	37.80	36.40	31.90	27.50	68.90	1.70	0.00	0.00
141.80	38.00	36.70	32.00	27.60	69.10	1.80	0.00	0.00
141.90	38.00	36.70	32.00	27.60	69.10	2.30	0.00	0.00
142.00	37.90	36.50	32.10	27.50	68.90	2.10	0.00	0.00
142.10	38.00	36.50	32.00	27.50	68.80	2.10	0.00	0.00
142.20	38.00	36.50	32.00	27.50	69.40	2.30	0.00	0.00
142.30	38.00	36.70	32.10	27.60	69.70	2.10	0.00	0.00
142.40	38.00	36.60	32.10	27.50	69.10	2.10	0.00	0.00
142.50	38.00	36.60	32.10	27.50	69.10	1.80	0.00	0.00
142.60	37.90	36.50	32.00	27.60	69.10	2.10	0.00	0.00
142.70	37.90	36.60	32.00	27.50	68.90	1.30	0.00	0.00
142.80	37.90	36.60	32.00	27.50	68.90	1.80	0.00	0.00
142.90	37.90	36.50	32.10	27.60	68.90	2.10	0.00	0.00
143.00	37.90	36.50	32.10	27.60	68.90	2.10	0.00	0.00
143.10	38.10	36.60	32.10	27.70	69.10	2.10	0.00	0.00
143.20	37.90	36.70	32.10	27.60	69.10	2.30	0.00	0.00
143.30	37.90	36.70	32.10	27.60	69.10	1.80	0.00	0.00
143.40	37.80	36.50	31.90	27.50	69.20	1.80	0.00	0.00
143.50	37.90	36.50	32.10	27.60	68.80	2.10	0.00	0.00
143.60	37.90	36.50	32.10	27.60	69.10	2.00	0.00	0.00
143.70	37.80	36.60	32.10	27.50	69.10	2.30	0.00	0.00
143.80	37.80	36.60	32.00	27.50	69.10	2.30	0.00	0.00
143.90	37.80	36.60	32.00	27.50	69.20	2.60	0.00	0.00
144.00	37.80	36.50	32.00	27.50	69.20	2.60	0.00	0.00
144.10	37.80	36.50	32.00	27.50	68.90	1.80	0.00	0.00
144.20	37.90	36.60	32.20	27.70	69.10	2.10	0.00	0.00
144.30	37.80	36.50	31.90	27.40	69.10	2.00	0.00	0.00
144.40	37.80	36.50	31.90	27.40	68.80	2.10	0.00	0.00
144.50	37.80	36.50	32.00	27.50	69.40	2.00	0.00	0.00
144.60	37.80	36.50	32.00	27.60	69.20	2.30	0.00	0.00
144.70	37.80	36.50	32.00	27.60	68.90	2.30	0.00	0.00
144.80	37.80	36.60	32.10	27.60	69.20	1.80	0.00	0.00
144.90	37.90	36.50	32.00	27.50	69.20	2.00	0.00	0.00
145.00	37.90	36.50	32.00	27.50	68.80	2.10	0.00	0.00
145.10	37.70	36.50	31.90	27.40	69.10	1.80	0.00	0.00
145.20	37.80	36.50	32.00	27.50	68.80	2.10	0.00	0.00
145.30	37.80	36.50	32.00	27.50	68.90	1.80	0.00	0.00
145.40	38.00	36.70	32.10	27.60	69.40	2.00	0.00	0.00
145.50	38.00	36.70	32.10	27.60	68.90	2.00	0.00	0.00
145.60	37.90	36.50	32.00	27.50	69.10	1.80	0.00	0.00
145.70	37.80	36.50	32.10	27.60	68.00	2.10	0.00	0.00
145.80	37.80	36.50	32.10	27.60	68.90	1.80	0.00	0.00
145.90	37.90	36.50	32.10	27.50	68.90	1.80	0.00	0.00
146.00	37.90	36.60	32.00	27.60	69.40	2.60	0.00	0.00
146.10	37.90	36.60	32.00	27.60	69.10	1.30	0.00	0.00
146.20	37.90	36.60	32.10	27.50	69.10	2.00	0.00	0.00
146.30	37.90	36.50	32.00	27.50	68.90	1.00	0.00	0.00
146.40	37.90	36.50	32.00	27.50	70.30	2.00	0.00	0.00
146.50	38.00	36.70	32.10	27.60	69.20	2.10	-0.01	0.00
146.60	37.90	36.40	31.90	27.60	70.60	2.10	-0.01	0.00
146.70	37.90	36.40	31.90	27.60	68.90	0.90	0.00	0.00
146.80	38.00	36.60	32.10	27.60	69.20	1.80	0.00	0.00
146.90	37.80	36.50	32.10	27.60	69.20	1.80	0.00	0.00
147.00	37.80	36.50	32.10	27.60	69.20	2.10	0.00	0.00
147.10	37.80	36.50	32.10	27.50	69.10	2.30	0.00	0.00
147.20	37.80	36.60	32.10	27.50	69.40	2.10	0.00	0.00
147.30	37.80	36.60	32.10	27.50	68.90	2.00	0.00	0.00
147.40	37.90	36.50	32.10	27.50	68.80	2.10	0.00	0.00
147.50	37.90	36.60	32.00	27.60	68.90	1.00	0.00	0.00
147.60	37.90	36.60	32.00	27.60	69.20	2.00	0.00	0.00
147.70	37.90	36.50	32.10	27.60	69.10	2.00	0.00	0.00
147.80	37.70	36.40	32.10	27.50	69.10	2.00	0.00	0.00
147.90	37.70	36.40	32.10	27.50	68.90	1.80	0.00	0.00
148.00	37.70	36.50	32.10	27.60	68.80	2.00	0.00	0.00
148.10	37.70	36.50	32.10	27.60	69.20	2.00	0.00	0.00
148.20	37.80	36.40	32.00	27.50	69.10	2.00	0.00	0.00
148.30	37.80	36.50	32.00	27.50	69.10	2.10	0.00	0.00
148.40	37.80	36.40	32.10	27.60	68.90	2.10	0.00	0.00
148.50	37.80	36.40	32.10	27.60	68.90	2.00	0.00	0.00
148.60	37.90	36.60	32.10	27.70	69.10	2.00	0.00	0.00
148.70	37.90	36.60	32.10	27.70	69.10	2.00	0.00	0.00
148.80	37.80	36.50	32.00	27.60	69.20	2.40	0.00	0.00
148.90	37.80	36.40	32.00	27.60	69.20	2.00	0.00	0.00
149.00	37.80	36.40	32.00	27.60	69.20	2.00	0.00	0.00
149.10	37.80	36.50	31.90	27.50	69.10	2.30	0.00	0.00
149.20	37.80	36.50	31.90	27.50	69.10	2.30	0.00	0.00
149.30	37.80	36.60	32.20	27.70	68.90	2.10	0.00	0.00
149.40	37.80	36.50	32.00	27.50	68.90	2.10	0.00	0.00
149.50	37.80	36.50	32.00	27.50	68.90	1.50	0.00	0.00
149.60	37.80	36.50	32.10	27.60	69.10	2.10	0.00	0.00
149.70	37.80	36.50	32.10	27.60	69.10	2.10	0.00	0.00
149.80	38.00	36.60	32.30	27.70	68.90	2.10	0.00	0.00
149.90	37.80	36.60	32.00	27.60	69.10	2.00	0.00	0.00
150.00	37.80	36.60	32.00	27.60	69.10	2.90	0.00	0.00
150.10	37.70	36.40	32.00	27.50	69.40	2.10	0.00	0.00
150.20	37.70	36.60	32.00	27.60	68.90	1.80	0.00	0.00
