Ambient Temperature(C): 22.3
Ambient Pressure(in Hg): 
Time(s)	T1(Deg C)	Wall Temp(Deg C)	Top Plate(Deg C)	Bottom Plate(Deg C)	P1(PSI)	P2(PSI)	Mass Flowrate(g/min)	Heater Energy (kJ)

0.00	38.60	33.10	28.70	25.50	0.90	1.70	0.00	0.00
0.10	38.60	32.90	28.60	25.30	0.90	1.70	0.00	0.00
0.20	38.60	32.90	28.60	25.30	1.20	1.80	0.00	0.00
0.30	38.70	33.00	28.50	25.40	1.20	1.70	0.00	0.00
0.40	38.70	33.20	28.80	25.50	0.60	1.50	0.00	0.00
0.50	38.70	33.20	28.80	25.50	0.60	1.50	0.00	0.00
0.60	38.80	33.10	28.70	25.50	0.70	1.50	0.00	0.00
0.70	38.70	33.00	28.60	25.40	1.00	1.70	0.00	0.00
0.80	38.70	33.00	28.60	25.40	0.70	1.70	0.00	0.00
0.90	38.80	33.00	28.60	25.40	0.60	1.30	0.00	0.00
1.00	38.80	33.00	28.60	25.40	0.90	2.00	0.00	0.00
1.10	38.90	33.20	28.70	25.50	0.90	1.80	0.00	0.00
1.20	38.90	33.00	28.60	25.30	0.70	1.70	0.00	0.00
1.30	38.90	33.00	28.60	25.30	0.70	1.70	0.00	0.00
1.40	39.10	33.00	28.70	25.50	0.70	1.70	0.00	0.00
1.50	38.90	33.00	28.60	25.40	0.70	2.00	0.00	0.00
1.60	38.90	33.00	28.60	25.40	1.00	1.30	0.00	0.00
1.70	39.00	33.00	28.60	25.40	0.70	1.30	0.00	0.00
1.80	39.00	33.00	28.60	25.40	0.00	2.00	0.00	0.00
1.90	39.10	33.10	28.70	25.40	1.00	1.70	0.00	0.00
2.00	39.20	33.00	28.70	25.50	1.00	1.70	0.00	0.00
2.10	39.10	32.80	28.60	25.40	0.10	1.50	0.00	0.00
2.20	39.10	32.80	28.60	25.40	0.70	1.30	0.00	0.00
2.30	39.00	33.00	28.60	25.30	0.90	1.70	0.00	0.00
2.40	39.00	33.00	28.60	25.30	0.90	1.70	0.00	0.00
2.50	39.20	33.10	28.70	25.40	1.50	1.80	0.00	0.00
2.60	39.30	33.20	28.60	25.50	0.60	1.50	0.00	0.00
2.70	39.30	33.20	28.60	25.50	0.70	1.30	0.00	0.00
2.80	39.10	33.00	28.60	25.30	-0.20	1.50	0.00	0.00
2.90	39.10	33.00	28.60	25.30	0.90	0.60	0.00	0.00
3.00	39.20	33.10	28.70	25.40	0.90	1.80	0.00	0.00
3.10	39.10	32.90	28.50	25.30	0.70	2.40	0.00	0.00
3.20	39.10	32.90	28.50	25.30	0.90	1.50	0.00	0.00
3.30	39.20	33.10	28.70	25.40	0.90	1.50	0.00	0.00
3.40	39.30	33.10	28.70	25.50	0.70	1.30	0.00	0.00
3.50	39.30	33.10	28.70	25.50	0.90	1.30	0.00	0.00
3.60	39.30	33.10	28.70	25.40	0.90	1.50	0.00	0.00
3.70	39.20	33.00	28.60	25.40	1.00	2.60	0.00	0.00
3.80	39.20	33.00	28.60	25.40	1.20	1.70	0.00	0.00
3.90	39.30	33.00	28.70	25.50	0.70	1.80	0.00	0.00
4.00	39.30	33.00	28.70	25.50	0.70	1.20	0.00	0.00
4.10	39.20	33.00	28.70	25.30	0.90	1.80	0.00	0.00
4.20	39.40	33.10	28.60	25.40	1.00	1.70	0.00	0.00
4.30	39.40	33.10	28.60	25.40	1.00	1.70	0.00	0.00
4.40	39.30	33.10	28.60	25.50	1.20	1.70	0.00	0.00
4.50	39.30	32.90	28.50	25.30	0.70	1.70	0.00	0.00
4.60	39.30	32.90	28.50	25.30	0.40	1.70	0.00	0.00
4.70	39.30	33.00	28.70	25.40	0.70	1.80	0.00	0.00
4.80	39.30	32.90	28.40	25.30	1.00	2.00	0.00	0.00
4.90	39.30	32.90	28.40	25.30	0.40	1.70	0.00	0.00
5.00	39.50	32.90	28.60	25.40	1.20	1.70	0.00	0.00
5.10	39.30	33.00	28.60	25.40	1.00	1.50	0.00	0.00
5.20	39.30	33.00	28.60	25.40	1.00	1.50	0.00	0.00
5.30	39.40	32.90	28.60	25.40	0.70	1.20	0.00	0.00
5.40	39.40	32.90	28.60	25.40	1.00	1.00	0.00	0.00
5.50	39.40	33.10	28.80	25.50	1.00	1.70	0.00	0.00
5.60	39.40	33.00	28.60	25.40	-0.20	1.70	0.00	0.00
5.70	39.40	33.00	28.60	25.40	0.90	1.50	0.00	0.00
5.80	39.20	33.00	28.70	25.40	0.70	1.70	0.00	0.00
5.90	39.40	32.90	28.60	25.50	0.60	1.80	0.00	0.00
6.00	39.40	32.90	28.60	25.50	0.40	1.70	0.00	0.00
6.10	39.40	33.00	28.60	25.50	0.90	1.30	0.00	0.00
6.20	39.40	32.90	28.70	25.50	0.90	1.30	0.00	0.00
6.30	39.40	32.90	28.70	25.50	0.70	1.50	0.00	0.00
6.40	39.30	32.90	28.60	25.40	1.00	1.80	0.00	0.00
6.50	39.40	33.00	28.70	25.40	0.70	0.40	0.00	0.00
6.60	39.40	33.00	28.70	25.40	0.90	1.70	0.00	0.00
6.70	39.60	33.10	28.60	25.40	0.60	1.50	0.00	0.00
6.80	39.40	33.00	28.60	25.30	1.00	1.70	0.00	0.00
6.90	39.40	33.00	28.60	25.30	1.00	1.80	0.00	0.00
7.00	39.40	33.00	28.50	25.40	1.00	1.70	0.00	0.00
7.10	39.50	33.00	28.70	25.40	1.00	2.40	0.00	0.00
7.20	39.50	33.00	28.70	25.40	0.40	1.50	0.00	0.00
7.30	39.50	32.90	28.60	25.50	0.70	1.80	0.00	0.00
7.40	39.50	33.00	28.60	25.40	0.60	1.50	0.00	0.00
7.50	39.50	33.00	28.60	25.40	1.00	1.80	0.00	0.00
7.60	39.50	33.00	28.60	25.30	0.90	1.70	0.00	0.00
7.70	39.50	33.10	28.60	25.40	0.70	1.80	0.00	0.00
7.80	39.50	33.10	28.60	25.40	0.90	1.50	0.00	0.00
7.90	39.60	33.10	28.70	25.50	0.90	1.50	0.00	0.00
8.00	39.60	33.00	28.70	25.50	0.70	1.50	0.00	0.00
8.10	39.60	33.00	28.70	25.50	0.00	1.30	0.00	0.00
8.20	39.40	33.00	28.60	25.40	0.60	1.80	0.00	0.00
8.30	39.40	33.00	28.60	25.50	0.60	1.80	0.00	0.00
8.40	39.40	33.00	28.60	25.50	0.70	1.50	0.00	0.00
8.50	39.50	33.10	28.60	25.50	0.90	1.70	0.00	0.00
8.60	39.60	33.10	28.70	25.50	0.90	1.70	0.00	0.00
8.70	39.60	33.10	28.70	25.50	0.70	1.80	0.00	0.00
8.80	39.50	33.00	28.70	25.50	0.90	1.30	0.00	0.00
8.90	39.50	33.00	28.70	25.50	0.60	1.50	0.00	0.00
9.00	39.30	32.90	28.60	25.40	0.70	1.50	0.00	0.00
9.10	39.40	33.10	28.70	25.30	0.70	1.80	0.00	0.00
9.20	39.40	33.10	28.70	25.30	0.90	1.80	0.00	0.00
9.30	39.50	33.10	28.60	25.50	0.60	1.20	0.00	0.00
9.40	39.40	33.10	28.60	25.40	0.90	1.30	0.00	0.00
9.50	39.40	33.10	28.60	25.40	0.90	1.70	0.00	0.00
9.60	39.30	32.90	28.50	25.40	0.70	1.50	0.00	0.00
9.70	39.30	32.90	28.50	25.40	0.70	1.50	0.00	0.00
9.80	39.50	33.00	28.60	25.50	1.20	1.80	0.00	0.00
9.90	39.50	33.00	28.60	25.40	1.20	1.50	0.00	0.00
10.00	39.50	33.00	28.60	25.40	0.60	1.50	0.00	0.00
10.10	39.60	33.00	28.70	25.40	0.90	1.50	0.00	0.00
10.20	39.50	33.00	28.60	25.50	1.00	1.70	0.00	0.00
10.30	39.50	33.00	28.60	25.50	1.00	1.80	0.00	0.00
10.40	39.40	33.00	28.60	25.30	0.70	1.50	0.00	0.00
10.50	39.40	33.00	28.60	25.30	0.60	1.80	0.00	0.00
10.60	39.40	33.10	28.60	25.50	0.70	1.50	0.00	0.00
10.70	39.50	33.10	28.60	25.40	0.70	1.50	0.00	0.00
10.80	39.50	33.10	28.60	25.40	0.90	1.80	0.00	0.00
10.90	39.40	33.00	28.60	25.30	0.70	1.80	0.00	0.00
11.00	39.60	33.10	28.70	25.70	0.90	1.30	0.00	0.00
11.10	39.60	33.10	28.70	25.70	0.90	1.80	14.24	0.00
11.20	39.60	33.10	28.70	25.50	0.70	1.50	27.95	0.00
11.30	39.70	33.00	28.60	25.50	1.20	1.50	37.52	0.00
11.40	39.70	33.00	28.60	25.50	1.50	3.20	41.91	0.00
11.50	39.90	33.10	28.60	25.50	1.30	1.80	46.75	0.00
11.60	40.20	33.10	28.60	25.60	1.30	1.80	48.46	0.00
11.70	40.20	33.10	28.60	25.60	1.80	2.00	48.90	0.00
11.80	40.20	33.00	28.50	25.30	2.10	1.50	49.70	0.00
11.90	40.20	33.00	28.50	25.30	2.30	1.80	49.92	0.00
12.00	40.60	33.10	28.70	25.60	2.40	1.80	49.97	0.00
12.10	40.80	33.10	28.60	25.50	2.40	1.30	49.99	0.00
12.20	40.80	33.10	28.60	25.50	2.70	1.70	50.01	0.00
12.30	41.10	33.20	28.70	25.50	2.70	1.50	49.99	0.00
12.40	41.20	33.00	28.70	25.40	2.70	1.50	49.99	0.00
12.50	41.40	32.90	28.50	25.30	2.70	1.50	50.01	0.00
12.60	41.40	32.90	28.50	25.30	3.00	1.30	49.99	0.00
12.70	41.80	32.90	28.60	25.40	3.30	1.80	50.00	0.00
12.80	41.80	32.90	28.60	25.40	3.70	1.70	50.00	0.00
12.90	41.90	33.00	28.70	25.50	3.80	0.60	49.99	0.00
13.00	42.30	33.00	28.50	25.40	3.50	2.00	49.99	0.00
13.10	42.30	33.00	28.50	25.40	4.10	1.50	50.00	0.00
13.20	42.50	33.10	28.60	25.30	3.80	1.80	50.00	0.00
13.30	42.60	33.00	28.60	25.40	4.10	1.70	49.99	0.00
13.40	42.60	33.00	28.60	25.40	4.40	1.70	50.00	0.00
13.50	42.80	33.10	28.60	25.40	5.20	1.80	50.00	0.00
13.60	43.10	33.20	28.70	25.50	4.90	1.00	50.01	0.00
13.70	43.10	33.20	28.70	25.50	5.00	1.50	49.99	0.00
13.80	43.10	33.00	28.60	25.40	4.90	2.30	49.99	0.00
13.90	43.10	33.00	28.60	25.40	5.20	1.30	50.00	0.00
14.00	43.40	33.00	28.50	25.40	5.00	1.50	50.00	0.00
14.10	43.40	33.00	28.60	25.50	5.30	1.30	49.99	0.00
14.20	43.40	33.00	28.60	25.50	5.70	1.50	50.00	0.00
14.30	43.40	33.00	28.60	25.40	6.00	2.40	49.99	0.00
14.40	43.50	33.00	28.50	25.30	6.00	2.40	50.00	0.00
14.50	43.50	33.00	28.50	25.30	6.00	1.80	50.00	0.00
14.60	43.70	33.10	28.60	25.40	6.00	1.80	50.00	0.00
14.70	43.70	33.10	28.60	25.40	6.00	1.70	50.00	0.00
14.80	43.80	33.10	28.60	25.50	6.40	2.60	50.00	0.00
14.90	43.90	33.10	28.70	25.60	6.90	1.70	50.00	0.00
15.00	43.90	33.10	28.70	25.60	6.40	1.30	49.99	0.00
15.10	43.90	33.00	28.50	25.30	6.90	1.70	49.99	0.00
15.20	44.10	33.10	28.60	25.40	7.20	1.30	50.00	0.00
15.30	44.10	33.10	28.60	25.40	7.00	1.50	50.00	0.00
15.40	44.00	33.00	28.70	25.50	7.00	1.50	50.00	0.00
15.50	44.00	33.00	28.70	25.50	7.30	1.50	50.00	0.00
15.60	44.10	33.00	28.60	25.40	7.80	1.70	49.99	0.00
15.70	44.10	33.00	28.70	25.40	7.80	1.70	49.99	0.00
15.80	44.10	33.00	28.70	25.40	7.70	1.20	49.99	0.00
15.90	44.20	33.10	28.70	25.40	7.80	1.50	50.00	0.00
16.00	44.30	33.00	28.70	25.40	8.30	1.70	49.99	0.00
16.10	44.30	33.00	28.70	25.40	8.40	1.80	49.99	0.00
16.20	44.20	33.00	28.60	25.40	8.30	1.80	49.99	0.00
16.30	44.20	33.00	28.60	25.40	8.30	1.80	49.97	0.00
16.40	44.30	33.10	28.60	25.40	8.40	1.50	50.00	0.00
16.50	44.20	33.00	28.70	25.30	8.60	1.50	50.00	0.00
16.60	44.20	33.00	28.70	25.30	9.20	1.80	49.99	0.00
16.70	44.20	33.10	28.60	25.40	9.50	1.70	50.00	0.00
16.80	44.30	33.00	28.50	25.30	9.00	1.80	49.99	0.00
16.90	44.30	33.00	28.50	25.30	9.30	1.70	50.00	0.00
17.00	44.20	33.00	28.60	25.30	9.50	1.00	50.08	0.00
17.10	44.20	33.00	28.60	25.30	10.10	2.00	50.02	0.00
17.20	44.30	32.90	28.50	25.40	10.10	2.00	49.98	0.00
17.30	44.50	33.10	28.70	25.50	9.80	1.80	50.02	0.00
17.40	44.50	33.10	28.70	25.50	9.80	1.70	50.00	0.00
17.50	44.40	33.00	28.50	25.40	10.00	1.80	49.99	0.00
17.60	44.20	33.10	28.60	25.40	10.70	1.50	50.01	0.00
17.70	44.20	33.10	28.60	25.40	10.60	1.50	50.01	0.00
17.80	44.50	33.20	28.70	25.40	11.00	2.00	50.01	0.00
17.90	44.30	33.10	28.60	25.40	10.90	1.70	50.02	0.00
18.00	44.30	33.10	28.60	25.40	10.90	2.00	50.02	0.00
18.10	44.40	33.00	28.60	25.40	11.00	1.50	50.02	0.00
18.20	44.60	33.10	28.70	25.40	11.00	1.50	50.02	0.00
18.30	44.60	33.10	28.70	25.40	11.70	1.50	50.02	0.00
18.40	44.70	33.10	28.60	25.50	11.80	1.50	50.02	0.00
18.50	44.30	32.90	28.60	25.30	12.00	1.50	50.01	0.00
18.60	44.30	32.90	28.60	25.30	11.80	1.50	50.03	0.00
18.70	44.50	32.90	28.60	25.30	12.00	1.70	50.02	0.00
18.80	44.50	32.90	28.60	25.30	12.30	1.70	50.02	0.00
18.90	44.50	33.10	28.60	25.40	12.10	1.70	50.02	0.00
19.00	44.50	33.00	28.50	25.50	12.10	1.00	50.01	0.00
19.10	44.60	33.10	28.60	25.40	12.10	1.00	50.01	0.00
19.20	44.60	33.10	28.60	25.40	13.00	1.80	50.02	0.00
19.30	44.70	33.00	28.60	25.40	13.20	1.80	50.02	0.00
19.40	44.50	33.00	28.60	25.50	12.90	1.50	50.02	0.00
19.50	44.50	33.00	28.60	25.50	13.20	0.40	50.02	0.00
19.60	44.70	33.10	28.60	25.40	13.30	1.80	50.02	0.00
19.70	44.70	33.10	28.60	25.50	13.20	1.70	50.02	0.00
19.80	44.70	33.10	28.60	25.50	13.50	1.50	50.01	0.00
19.90	44.50	33.00	28.60	25.40	14.00	1.80	50.03	0.00
20.00	44.50	33.00	28.60	25.40	14.00	1.80	50.02	0.00
20.10	44.60	33.10	28.70	25.40	14.00	1.80	50.02	0.00
20.20	44.50	33.00	28.70	25.50	14.00	1.80	50.03	0.00
20.30	44.50	33.00	28.70	25.50	14.70	2.00	50.01	0.00
20.40	44.70	33.10	28.70	25.50	14.40	1.70	50.01	0.00
20.50	44.60	33.10	28.70	25.50	14.60	1.70	50.02	0.00
20.60	44.60	33.10	28.70	25.50	16.00	1.70	50.03	0.00
20.70	44.80	33.10	28.70	25.50	14.70	2.90	50.02	0.00
20.80	44.80	33.10	28.70	25.40	14.90	1.70	50.02	0.00
20.90	44.80	33.10	28.70	25.40	15.00	1.70	50.01	0.00
21.00	44.80	33.10	28.70	25.50	15.00	1.70	50.02	0.00
21.10	44.80	33.10	28.70	25.50	15.30	2.70	50.02	0.00
21.20	44.80	33.00	28.70	25.40	15.30	1.70	50.02	0.00
21.30	44.70	33.00	28.70	25.50	15.50	2.90	50.02	0.00
21.40	44.70	33.00	28.70	25.50	15.80	2.00	50.03	0.00
21.50	44.70	33.10	28.60	25.50	15.80	1.70	50.02	0.00
21.60	44.70	33.00	28.60	25.50	15.80	1.50	50.01	0.00
21.70	44.70	33.00	28.60	25.50	16.10	1.70	50.02	0.00
21.80	44.70	33.20	28.50	25.50	16.60	1.80	50.01	0.00
21.90	44.70	33.20	28.50	25.50	16.40	1.80	50.03	0.00
22.00	44.70	33.00	28.60	25.40	16.40	1.80	50.02	0.00
22.10	44.80	33.00	28.70	25.50	16.60	1.80	50.02	0.00
22.20	44.80	33.00	28.70	25.50	16.90	1.70	50.01	0.00
22.30	44.70	33.00	28.70	25.40	16.60	1.30	50.02	0.00
22.40	44.80	33.10	28.70	25.40	17.50	1.70	50.02	0.00
22.50	44.80	33.10	28.70	25.40	17.50	1.80	50.03	0.00
22.60	44.80	33.00	28.60	25.30	17.40	2.00	50.03	0.00
22.70	44.80	33.00	28.60	25.50	17.50	2.00	50.03	0.00
22.80	44.80	33.00	28.60	25.50	18.00	1.70	50.02	0.00
22.90	44.70	33.00	28.70	25.40	18.00	1.70	50.02	0.00
23.00	44.70	33.00	28.70	25.40	17.00	1.70	50.02	0.00
23.10	44.70	33.00	28.70	25.40	18.40	1.50	50.03	0.00
23.20	44.80	32.90	28.60	25.40	18.30	1.50	50.03	0.00
23.30	44.80	33.10	28.60	25.40	18.30	1.80	50.02	0.00
23.40	44.80	33.10	28.60	25.40	18.70	1.80	50.03	0.00
23.50	44.70	33.10	28.80	25.60	18.70	1.70	50.02	0.00
23.60	44.70	33.10	28.60	25.40	18.70	1.80	50.03	0.00
23.70	44.70	33.10	28.60	25.40	19.00	1.70	50.02	0.00
23.80	44.80	32.90	28.50	25.50	19.20	1.80	50.03	0.00
23.90	44.80	33.00	28.70	25.60	19.20	1.80	50.03	0.00
24.00	44.80	33.00	28.70	25.60	19.20	1.80	50.02	0.00
24.10	44.70	33.00	28.70	25.50	19.70	1.80	50.04	0.00
24.20	44.80	33.00	28.70	25.50	19.40	1.70	50.03	0.00
24.30	44.80	33.00	28.70	25.50	20.00	1.80	50.03	0.00
24.40	44.70	33.10	28.70	25.50	20.10	1.70	50.03	0.00
24.50	44.60	32.90	28.60	25.30	20.30	1.80	50.03	0.00
24.60	44.60	32.90	28.60	25.30	20.40	1.50	50.02	0.00
24.70	44.70	33.10	28.70	25.40	20.90	1.50	50.03	0.00
24.80	44.70	33.00	28.60	25.30	20.90	1.50	50.03	0.00
24.90	44.70	33.00	28.60	25.30	20.70	1.30	50.03	0.00
25.00	44.90	33.00	28.70	25.40	21.00	1.00	50.03	0.00
25.10	44.90	33.00	28.70	25.40	21.20	1.70	50.03	0.00
25.20	44.80	33.20	28.70	25.40	21.20	1.70	50.04	0.00
25.30	44.90	33.10	28.70	25.40	21.20	1.70	50.03	0.00
25.40	44.90	33.10	28.70	25.40	21.40	1.30	50.03	0.00
25.50	44.90	33.10	28.60	25.50	22.00	1.50	50.03	0.00
25.60	44.80	33.10	28.70	25.50	21.70	1.50	50.03	0.00
25.70	44.80	33.10	28.70	25.50	21.80	1.80	50.03	0.00
25.80	44.70	33.00	28.60	25.40	21.80	1.80	50.03	0.00
25.90	44.70	32.90	28.60	25.30	22.10	1.70	50.03	0.00
26.00	44.70	32.90	28.60	25.30	22.10	1.50	50.03	0.00
26.10	44.80	33.10	28.80	25.40	22.60	1.80	50.03	0.00
26.20	44.90	33.20	28.70	25.40	22.90	1.80	50.03	0.00
26.30	44.90	33.20	28.70	25.40	22.70	1.70	50.03	0.00
26.40	44.80	33.10	28.60	25.40	22.70	2.00	50.03	0.00
26.50	44.90	33.00	28.70	25.40	22.70	1.80	50.03	0.00
26.60	44.90	33.00	28.70	25.40	22.90	1.70	50.03	0.00
26.70	44.70	33.00	28.70	25.30	22.90	1.70	50.02	0.00
26.80	44.70	33.00	28.80	25.40	22.90	1.70	50.03	0.00
26.90	44.70	33.00	28.80	25.40	23.70	1.70	50.02	0.00
27.00	44.80	33.00	28.80	25.50	23.80	1.80	50.03	0.00
27.10	44.80	33.00	28.50	25.60	24.00	2.10	50.04	0.00
27.20	44.80	33.00	28.50	25.60	23.70	1.30	50.03	0.00
27.30	44.80	33.10	28.60	25.50	24.70	1.70	50.03	0.00
27.40	44.90	33.20	28.60	25.50	23.20	1.80	50.04	0.00
27.50	44.90	33.20	28.60	25.50	24.70	1.80	50.03	0.00
27.60	44.80	33.10	28.60	25.40	24.40	3.20	50.04	0.00
27.70	44.80	33.10	28.60	25.40	25.00	1.70	50.04	0.00
27.80	44.80	33.00	28.60	25.30	25.00	1.80	50.03	0.00
27.90	45.00	33.20	28.70	25.50	25.00	2.00	50.03	0.00
28.00	45.00	33.20	28.70	25.50	25.20	1.50	50.03	0.00
28.10	44.90	33.00	28.60	25.50	25.40	1.50	50.00	0.00
28.20	45.00	33.00	28.70	25.50	25.40	1.80	50.03	0.00
28.30	45.00	33.00	28.70	25.50	26.10	1.70	50.02	0.00
28.40	45.00	33.10	28.80	25.50	25.70	1.50	50.03	0.00
28.50	44.90	33.00	28.70	25.40	25.80	1.80	50.02	0.00
28.60	44.90	33.00	28.70	25.40	25.80	1.80	50.04	0.00
28.70	44.90	32.90	28.60	25.50	25.80	1.80	50.02	0.00
28.80	44.90	32.90	28.60	25.50	26.00	1.50	50.02	0.00
28.90	44.90	33.10	28.60	25.40	26.40	1.70	50.02	0.00
29.00	44.80	33.10	28.70	25.30	26.30	1.80	50.03	0.00
29.10	44.80	33.10	28.70	25.30	26.60	2.10	50.02	0.00
29.20	44.80	33.00	28.70	25.50	26.40	1.70	50.02	0.00
29.30	44.80	33.10	28.70	25.40	27.00	1.30	50.03	0.00
29.40	44.80	33.10	28.70	25.40	27.40	1.80	50.02	0.00
29.50	44.70	33.10	28.50	25.40	27.40	1.80	50.03	0.00
29.60	44.80	33.10	28.60	25.40	27.40	1.70	50.02	0.00
29.70	44.80	33.10	28.60	25.40	27.70	1.70	50.03	0.00
29.80	44.90	33.00	28.70	25.50	27.50	1.80	50.03	0.00
29.90	44.80	32.90	28.50	25.40	27.80	1.70	50.02	0.00
30.00	44.80	32.90	28.50	25.40	28.40	1.50	50.03	0.00
30.10	44.80	32.80	28.60	25.40	28.00	2.90	50.03	0.00
30.20	44.70	33.00	28.60	25.50	28.00	1.50	50.03	0.00
30.30	44.70	33.00	28.60	25.50	28.40	1.50	50.04	0.00
30.40	44.80	33.00	28.70	25.50	28.40	1.70	50.02	0.00
30.50	45.00	33.00	28.70	25.50	28.40	1.70	50.04	0.00
30.60	45.00	33.00	28.70	25.50	29.00	1.50	50.03	0.00
30.70	44.90	33.00	28.60	25.50	28.60	2.10	50.02	0.00
30.80	44.80	33.10	28.70	25.40	29.20	1.70	50.03	0.00
30.90	44.80	33.10	28.70	25.40	29.20	1.20	50.03	0.00
31.00	44.70	33.00	28.60	25.50	29.20	2.00	50.02	0.00
31.10	44.60	33.00	28.60	25.30	29.70	1.50	50.03	0.00
31.20	44.60	33.00	28.60	25.30	29.00	1.30	50.03	0.00
31.30	44.70	33.00	28.60	25.40	30.00	1.70	50.04	0.00
31.40	44.70	33.00	28.60	25.30	30.00	1.70	50.03	0.00
31.50	44.70	33.00	28.60	25.30	29.80	1.70	50.02	0.00
31.60	44.80	33.00	28.80	25.50	30.10	1.70	50.04	0.00
31.70	44.80	33.00	28.80	25.50	30.40	1.50	50.03	0.00
31.80	44.80	33.10	28.70	25.40	30.10	1.50	50.03	0.00
31.90	44.80	33.00	28.60	25.50	30.90	1.70	50.03	0.00
32.00	44.80	33.10	28.70	25.50	30.90	2.00	50.03	0.00
32.10	44.80	33.10	28.70	25.50	30.60	1.70	50.03	0.00
32.20	44.80	33.00	28.70	25.60	30.90	1.70	50.03	0.00
32.30	44.80	33.00	28.70	25.60	30.90	1.70	50.03	0.00
32.40	44.70	33.10	28.70	25.60	31.20	1.70	50.03	0.00
32.50	44.70	32.90	28.60	25.30	31.70	2.00	50.03	0.00
32.60	44.70	32.90	28.60	25.30	32.00	1.70	50.03	0.00
32.70	44.90	33.20	28.80	25.60	31.80	1.50	50.04	0.00
32.80	44.90	33.20	28.80	25.50	31.80	1.80	50.03	0.00
32.90	44.90	33.20	28.80	25.50	31.80	1.80	50.03	0.00
33.00	44.90	33.10	28.80	25.50	32.10	1.70	50.04	0.00
33.10	44.90	33.00	28.70	25.40	32.60	1.70	50.03	0.00
33.20	44.90	33.00	28.70	25.40	32.60	1.70	50.04	0.00
33.30	44.80	32.90	28.70	25.30	32.60	1.70	50.03	0.00
33.40	44.80	33.10	28.70	25.40	32.70	1.80	50.04	0.00
33.50	44.80	33.10	28.70	25.40	32.70	2.00	50.04	0.00
33.60	44.80	32.90	28.60	25.50	33.10	1.50	50.03	0.00
33.70	44.80	33.00	28.70	25.50	33.20	2.00	50.04	0.00
33.80	44.80	33.00	28.70	25.50	33.10	2.10	50.04	0.00
33.90	44.80	33.00	28.60	25.40	33.40	1.70	50.03	0.00
34.00	44.90	33.10	28.50	25.40	34.10	1.70	50.02	0.00
34.10	44.90	33.10	28.50	25.40	33.70	1.50	50.03	0.00
34.20	44.80	33.10	28.60	25.40	33.70	1.50	50.03	0.00
34.30	44.70	33.10	28.60	25.40	34.00	1.70	50.03	0.00
34.40	44.70	33.10	28.60	25.40	34.10	1.50	50.03	0.00
34.50	45.00	33.10	28.60	25.40	34.10	1.70	50.03	0.00
34.60	44.80	33.00	28.80	25.50	34.40	2.30	50.03	0.00
34.70	44.90	33.00	28.60	25.40	34.60	1.50	50.02	0.00
34.80	44.90	33.00	28.60	25.40	35.10	1.70	50.03	0.00
34.90	44.80	33.20	28.70	25.40	34.70	1.70	50.03	0.00
35.00	44.80	33.20	28.70	25.40	35.10	1.70	50.03	0.00
35.10	44.80	33.00	28.70	25.40	34.90	1.70	50.03	0.00
35.20	44.90	33.20	28.80	25.50	34.90	1.70	50.03	0.00
35.30	44.90	33.20	28.80	25.50	35.20	1.50	50.03	0.00
35.40	44.70	33.00	28.70	25.50	35.50	1.80	50.03	0.00
35.50	44.70	33.00	28.70	25.50	35.80	1.70	50.04	0.00
35.60	44.70	33.10	28.60	25.50	36.00	2.10	50.04	0.00
35.70	44.80	33.00	28.70	25.50	36.00	2.10	50.04	0.00
35.80	44.80	33.00	28.70	25.50	36.40	1.80	50.04	0.00
35.90	44.70	33.10	28.70	25.60	37.20	1.50	50.04	0.00
36.00	44.80	33.10	28.70	25.50	36.10	1.70	50.04	0.00
36.10	44.80	33.10	28.70	25.50	36.10	1.70	50.04	0.00
36.20	44.80	33.00	28.70	25.50	36.70	1.50	50.03	0.00
36.30	44.70	33.00	28.70	25.50	36.60	1.70	50.03	0.00
36.40	44.70	33.00	28.70	25.50	37.10	1.80	50.04	0.00
36.50	44.60	33.00	28.70	25.50	36.90	1.70	50.04	0.00
36.60	44.70	33.10	28.80	25.40	37.20	1.80	50.04	0.00
36.70	44.70	33.10	28.80	25.40	37.50	1.50	50.03	0.00
36.80	44.70	33.00	28.70	25.50	37.40	1.70	50.04	0.00
36.90	44.70	33.00	28.70	25.50	37.70	1.70	50.04	0.00
37.00	44.70	33.00	28.70	25.50	37.70	1.70	50.04	0.00
37.10	44.70	33.00	28.70	25.40	37.70	1.50	50.04	0.00
37.20	44.60	32.90	28.70	25.50	38.40	1.70	50.04	0.00
37.30	44.60	32.90	28.70	25.50	37.80	1.70	50.03	0.00
37.40	44.70	33.00	28.70	25.30	38.30	1.30	50.03	0.00
37.50	44.80	33.10	28.70	25.40	38.70	2.10	50.04	0.00
37.60	44.80	33.10	28.70	25.40	38.60	1.50	50.04	0.00
37.70	44.90	33.00	28.70	25.50	38.30	1.50	50.04	0.00
37.80	44.80	33.00	28.80	25.50	38.90	1.70	50.04	0.00
37.90	44.80	33.00	28.80	25.50	38.90	1.70	50.03	0.00
38.00	44.70	33.00	28.70	25.50	39.10	0.70	50.04	0.00
38.10	44.60	32.90	28.70	25.40	38.40	2.00	50.04	0.00
38.20	44.60	32.90	28.70	25.40	38.40	1.70	50.03	0.00
38.30	44.80	33.00	28.70	25.50	39.40	1.70	50.04	0.00
38.40	44.70	32.90	28.70	25.40	39.70	2.00	50.04	0.00
38.50	44.70	32.90	28.70	25.40	39.70	1.50	50.04	0.00
38.60	44.70	33.10	28.60	25.40	39.80	1.50	50.03	0.00
38.70	44.70	33.10	28.60	25.40	40.10	1.70	50.05	0.00
38.80	44.70	33.00	28.70	25.50	40.10	1.70	50.03	0.00
38.90	44.70	33.00	28.70	25.50	40.40	2.00	50.03	0.00
39.00	44.70	33.00	28.70	25.50	40.40	1.80	50.04	0.00
39.10	44.50	33.10	28.70	25.40	40.40	0.90	50.94	0.00
39.20	44.70	33.20	28.80	25.70	40.60	1.70	51.41	0.00
39.30	44.70	33.20	28.80	25.70	40.30	1.80	51.52	0.00
39.40	44.50	33.10	28.70	25.40	40.40	1.50	51.35	0.00
39.50	44.30	33.10	28.70	25.40	40.40	1.80	51.25	0.00
39.60	44.30	33.10	28.70	25.40	40.40	1.70	49.65	0.00
39.70	44.20	33.10	28.60	25.50	40.30	1.70	46.04	0.00
39.80	44.20	33.10	28.60	25.50	40.10	0.60	29.69	0.00
39.90	44.10	33.10	28.70	25.40	40.30	1.70	17.33	0.00
40.00	44.10	33.20	28.80	25.50	40.70	0.40	12.56	0.00
40.10	44.10	33.20	28.80	25.50	40.30	2.10	9.62	0.00
40.20	43.80	33.00	28.70	25.50	40.00	1.50	7.61	0.00
40.30	43.70	33.20	28.70	25.60	40.40	1.50	6.15	0.00
40.40	43.70	33.20	28.70	25.60	40.10	1.80	5.06	0.00
40.50	43.60	33.10	28.70	25.50	39.80	1.50	4.23	0.00
40.60	43.40	33.10	28.70	25.50	40.30	1.30	3.60	0.00
40.70	43.40	33.10	28.70	25.50	40.30	1.30	3.10	0.00
40.80	43.20	33.00	28.60	25.50	40.10	2.10	2.67	0.00
40.90	43.30	33.10	28.80	25.50	40.10	3.20	2.30	0.00
41.00	43.30	33.10	28.80	25.50	40.00	1.80	1.97	0.00
41.10	43.10	33.00	28.70	25.40	40.00	2.00	1.70	0.00
41.20	43.00	33.10	28.60	25.30	40.00	1.20	1.48	0.00
41.30	43.00	33.10	28.60	25.30	40.00	1.70	1.28	0.00
41.40	42.80	33.10	28.70	25.40	40.10	1.70	1.11	0.00
41.50	42.90	33.20	28.70	25.50	40.70	1.50	0.97	0.00
41.60	42.90	33.20	28.70	25.50	40.70	1.50	0.85	0.00
41.70	42.70	33.10	28.70	25.50	40.00	1.80	0.74	0.00
41.80	42.70	33.10	28.70	25.50	41.10	1.70	0.65	0.00
41.90	42.40	33.00	28.70	25.40	40.00	1.70	0.57	0.00
42.00	42.80	33.20	28.80	25.60	40.10	2.00	0.51	0.00
42.10	42.80	33.20	28.80	25.60	40.30	2.40	0.45	0.00
42.20	42.50	33.00	28.70	25.50	39.80	1.30	0.40	0.00
42.30	42.50	33.00	28.70	25.50	40.10	2.00	0.35	0.00
42.40	42.50	33.00	28.70	25.50	40.10	1.70	0.31	0.00
42.50	42.40	33.00	28.60	25.50	39.80	1.50	0.27	0.00
42.60	42.30	33.10	28.60	25.40	39.80	1.50	0.25	0.00
42.70	42.30	33.10	28.60	25.40	40.00	1.70	0.22	0.00
42.80	42.30	33.10	28.70	25.40	39.70	1.50	0.18	0.00
42.90	42.30	33.10	28.80	25.50	40.10	1.70	0.16	0.00
43.00	42.30	33.10	28.80	25.50	39.80	2.00	0.14	0.00
43.10	42.20	33.00	28.70	25.50	39.70	1.80	0.12	0.00
43.20	42.10	33.10	28.70	25.50	40.00	2.00	0.10	0.00
43.30	42.10	33.10	28.70	25.50	40.00	1.50	0.09	0.00
43.40	42.10	33.10	28.80	25.60	40.10	0.90	0.07	0.00
43.50	42.20	33.10	28.70	25.50	40.10	0.90	0.06	0.00
43.60	42.20	33.10	28.70	25.50	39.80	1.50	0.05	0.00
43.70	42.10	33.10	28.80	25.50	40.60	1.70	0.04	0.00
43.80	42.10	33.10	28.80	25.50	40.10	1.80	0.03	0.00
43.90	42.00	33.10	28.70	25.50	39.80	1.80	0.02	0.00
44.00	42.00	33.10	28.80	25.50	40.10	1.70	-0.04	0.00
44.10	42.00	33.10	28.80	25.50	40.10	1.80	-0.06	0.00
44.20	42.00	33.10	28.70	25.50	40.00	1.70	-0.06	0.00
44.30	42.10	33.10	28.80	25.60	39.80	0.70	-0.07	0.00
44.40	42.10	33.10	28.80	25.60	39.80	0.70	-0.07	0.00
44.50	41.90	33.10	28.70	25.50	39.20	1.80	-0.07	0.00
44.60	41.90	33.00	28.70	25.50	40.00	1.70	-0.08	0.00
44.70	41.90	33.00	28.70	25.50	40.00	2.00	-0.08	0.00
44.80	41.90	33.10	28.90	25.60	39.80	1.70	-0.08	0.00
44.90	41.90	33.10	28.90	25.60	40.00	1.70	-0.09	0.00
45.00	41.90	33.10	28.70	25.60	39.80	1.70	-0.09	0.00
45.10	41.80	33.00	28.70	25.50	40.00	1.70	-0.09	0.00
45.20	41.80	33.00	28.70	25.50	39.70	0.70	-0.09	0.00
45.30	41.80	33.10	28.70	25.60	40.00	1.70	-0.09	0.00
45.40	41.80	33.10	28.80	25.50	40.00	1.70	-0.09	0.00
45.50	41.80	33.10	28.80	25.50	39.80	1.70	-0.09	0.00
45.60	41.80	33.10	28.70	25.50	39.70	1.70	-0.09	0.00
45.70	41.80	33.10	28.70	25.50	39.80	1.50	-0.09	0.00
45.80	41.70	33.00	28.60	25.50	40.00	2.40	-0.10	0.00
45.90	41.70	33.10	28.60	25.40	40.00	1.80	-0.10	0.00
46.00	41.70	33.10	28.60	25.40	40.10	1.70	-0.10	0.00
46.10	41.80	33.10	28.80	25.60	40.00	2.00	-0.10	0.00
46.20	41.70	33.20	28.70	25.50	40.00	1.80	-0.10	0.00
46.30	41.70	33.20	28.70	25.50	39.80	1.80	-0.10	0.00
46.40	41.80	33.20	28.90	25.70	39.80	1.80	-0.10	0.00
46.50	41.80	33.20	28.90	25.70	40.10	1.80	-0.10	0.00
46.60	41.60	33.20	28.80	25.50	39.80	1.50	-0.10	0.00
46.70	41.70	33.20	28.70	25.60	40.00	1.30	-0.10	0.00
46.80	41.70	33.20	28.70	25.60	40.00	1.80	-0.10	0.00
46.90	41.70	33.10	28.90	25.70	40.10	0.60	-0.10	0.00
47.00	41.70	33.10	28.90	25.60	40.10	1.30	-0.10	0.00
47.10	41.70	33.10	28.90	25.60	39.80	1.80	-0.10	0.00
47.20	41.50	33.00	28.70	25.50	40.00	2.00	-0.10	0.00
47.30	41.60	33.10	28.70	25.50	40.00	2.00	-0.10	0.00
47.40	41.60	33.10	28.70	25.50	39.70	1.50	-0.10	0.00
47.50	41.60	32.90	28.70	25.40	40.00	1.80	-0.10	0.00
47.60	41.60	33.00	28.60	25.40	39.70	2.00	-0.10	0.00
47.70	41.60	33.00	28.60	25.40	39.70	1.80	-0.09	0.00
47.80	41.50	33.20	28.70	25.60	40.10	1.80	-0.09	0.00
47.90	41.40	33.10	28.70	25.50	40.40	1.70	-0.09	0.00
48.00	41.40	33.10	28.70	25.50	39.50	2.70	-0.09	0.00
48.10	41.60	33.10	28.80	25.50	40.00	1.70	-0.09	0.00
48.20	41.60	33.10	28.80	25.50	40.10	1.50	-0.09	0.00
48.30	41.60	33.00	28.70	25.40	40.10	1.50	-0.09	0.00
48.40	41.50	33.20	28.70	25.60	41.40	1.80	-0.09	0.00
48.50	41.50	33.20	28.70	25.60	40.00	1.80	-0.09	0.00
48.60	41.50	33.00	28.70	25.50	39.80	1.70	-0.09	0.00
48.70	41.50	33.00	28.60	25.40	40.00	1.80	-0.09	0.00
48.80	41.50	33.00	28.60	25.40	40.00	2.40	-0.09	0.00
48.90	41.30	33.10	28.70	25.50	39.70	1.70	-0.09	0.00
49.00	41.30	33.10	28.70	25.50	40.00	1.70	-0.09	0.00
49.10	41.60	33.10	28.80	25.40	39.80	1.80	-0.08	0.00
49.20	41.30	33.10	28.70	25.40	39.80	1.80	-0.08	0.00
49.30	41.30	33.10	28.70	25.40	40.30	1.70	-0.08	0.00
49.40	41.40	33.20	28.70	25.50	39.80	0.90	-0.08	0.00
49.50	41.40	33.20	28.70	25.50	40.00	1.70	-0.08	0.00
49.60	41.50	33.20	28.80	25.60	39.70	1.50	-0.07	0.00
49.70	41.40	33.10	28.70	25.50	39.80	1.00	-0.07	0.00
49.80	41.40	33.10	28.70	25.50	41.40	2.00	-0.07	0.00
49.90	41.30	33.20	28.70	25.60	40.10	1.80	-0.07	0.00
50.00	41.30	33.20	28.70	25.60	40.00	1.20	-0.07	0.00
50.10	41.30	33.20	28.80	25.60	39.80	2.10	-0.07	0.00
50.20	41.40	33.10	28.80	25.60	39.80	2.10	-0.07	0.00
50.30	41.40	33.10	28.80	25.60	39.20	1.70	-0.07	0.00
50.40	41.50	33.20	28.80	25.60	39.80	1.80	-0.07	0.00
50.50	41.40	33.10	28.80	25.40	40.00	1.70	-0.06	0.00
50.60	41.40	33.10	28.80	25.40	39.70	1.50	-0.06	0.00
50.70	41.20	33.00	28.70	25.40	39.70	1.80	-0.06	0.00
50.80	41.30	33.20	28.80	25.50	40.00	1.80	-0.06	0.00
50.90	41.30	33.20	28.80	25.50	39.80	1.80	-0.06	0.00
51.00	41.30	33.10	28.70	25.40	40.00	1.70	-0.05	0.00
51.10	41.30	33.00	28.80	25.60	40.00	1.70	-0.05	0.00
51.20	41.30	33.00	28.80	25.60	39.80	1.30	-0.05	0.00
51.30	41.20	33.00	28.90	25.50	38.90	2.00	-0.05	0.00
51.40	41.30	33.00	28.80	25.40	39.80	1.70	-0.05	0.00
51.50	41.30	33.00	28.80	25.40	39.80	1.70	-0.05	0.00
51.60	41.20	33.10	28.70	25.40	40.40	1.50	-0.05	0.00
51.70	41.30	33.10	28.80	25.50	39.80	1.70	-0.05	0.00
51.80	41.30	33.10	28.80	25.50	40.10	1.80	-0.04	0.00
51.90	41.30	33.20	28.70	25.60	39.70	1.00	-0.04	0.00
52.00	41.20	33.00	28.70	25.40	39.70	1.00	-0.04	0.00
52.10	41.20	33.00	28.70	25.40	40.00	1.50	-0.04	0.00
52.20	41.20	33.00	28.70	25.50	39.80	1.70	-0.03	0.00
52.30	41.10	33.00	28.70	25.40	39.80	1.30	-0.03	0.00
52.40	41.10	33.00	28.70	25.40	40.10	1.20	-0.03	0.00
52.50	41.20	33.10	28.70	25.50	39.80	1.70	-0.03	0.00
52.60	41.10	33.00	28.70	25.50	39.80	1.70	-0.03	0.00
52.70	41.10	33.00	28.70	25.50	40.00	0.90	-0.03	0.00
52.80	41.20	33.10	28.80	25.50	39.80	1.80	-0.03	0.00
52.90	41.20	33.10	28.80	25.50	39.80	1.80	-0.02	0.00
53.00	41.30	33.00	28.70	25.50	39.80	1.80	-0.02	0.00
53.10	41.00	33.10	28.70	25.50	39.70	2.30	-0.02	0.00
53.20	41.00	33.10	28.70	25.50	40.00	1.80	-0.02	0.00
53.30	40.90	33.00	28.70	25.50	39.80	2.00	-0.02	0.00
53.40	41.10	33.10	28.80	25.60	39.80	1.80	-0.02	0.00
53.50	41.10	33.10	28.80	25.60	39.70	1.70	-0.02	0.00
53.60	41.10	33.00	28.70	25.40	40.00	1.50	-0.01	0.00
53.70	41.10	33.10	28.70	25.40	39.50	1.80	-0.01	0.00
53.80	41.10	33.10	28.70	25.40	40.00	1.70	-0.01	0.00
53.90	41.20	33.10	28.90	25.60	40.00	1.70	-0.01	0.00
54.00	41.20	33.10	28.90	25.60	40.00	2.00	-0.01	0.00
54.10	41.20	33.10	28.80	25.50	40.00	1.70	0.00	0.00
54.20	41.10	33.10	28.70	25.50	39.50	1.70	0.00	0.00
54.30	41.10	33.10	28.70	25.50	39.80	1.50	0.00	0.00
54.40	41.00	33.10	28.70	25.50	40.10	2.00	0.00	0.00
54.50	41.10	33.10	28.80	25.60	41.40	1.50	0.00	0.00
54.60	41.10	33.10	28.80	25.60	39.70	1.80	0.00	0.00
54.70	41.00	33.10	28.90	25.60	40.30	1.30	0.00	0.00
54.80	41.00	33.10	28.70	25.50	40.30	1.30	0.00	0.00
54.90	41.00	33.10	28.70	25.50	39.80	1.80	0.01	0.00
55.00	41.10	33.20	28.90	25.60	40.00	1.80	0.01	0.00
55.10	40.90	33.00	28.70	25.50	39.80	1.70	0.01	0.00
55.20	40.90	33.00	28.70	25.50	39.70	1.70	0.01	0.00
55.30	41.00	33.20	28.90	25.50	39.70	1.70	0.01	0.00
55.40	41.10	33.00	28.80	25.50	39.50	1.80	0.01	0.00
55.50	41.10	33.00	28.80	25.50	39.70	1.70	0.01	0.00
55.60	40.80	33.10	28.80	25.40	40.40	1.50	0.02	0.00
55.70	40.80	33.10	28.80	25.40	40.40	1.50	0.02	0.00
55.80	41.00	33.20	28.80	25.60	39.20	1.70	0.02	0.00
55.90	40.90	33.20	28.80	25.60	39.80	1.80	0.02	0.00
56.00	40.90	33.20	28.80	25.60	39.80	1.50	0.02	0.00
56.10	41.00	33.10	28.90	25.60	39.70	1.50	0.02	0.00
56.20	40.80	33.10	28.80	25.50	40.30	1.30	0.02	0.00
56.30	40.80	33.10	28.80	25.50	39.80	1.50	0.02	0.00
56.40	40.90	32.90	28.80	25.40	40.00	1.20	0.03	0.00
56.50	41.00	33.10	28.70	25.40	40.00	1.70	0.03	0.00
56.60	41.00	33.10	28.70	25.40	39.70	1.50	0.03	0.00
56.70	41.00	33.00	28.70	25.50	39.70	1.50	0.03	0.00
56.80	41.00	33.00	28.70	25.50	40.10	1.30	0.03	0.00
56.90	41.00	33.10	28.80	25.50	39.70	1.70	0.03	0.00
57.00	40.80	33.10	28.70	25.40	40.00	2.00	0.03	0.00
57.10	40.80	33.10	28.70	25.40	40.10	1.80	0.04	0.00
57.20	40.80	33.00	28.70	25.40	40.00	1.70	0.04	0.00
57.30	40.80	33.00	28.70	25.40	40.00	2.00	0.04	0.00
57.40	40.80	33.00	28.70	25.40	40.10	2.00	0.04	0.00
57.50	40.80	33.20	28.90	25.60	39.70	1.70	0.04	0.00
57.60	40.90	33.10	28.80	25.50	39.70	1.70	0.04	0.00
57.70	40.90	33.10	28.80	25.50	39.80	1.80	0.05	0.00
57.80	40.80	33.00	28.80	25.60	40.10	1.50	0.05	0.00
57.90	41.00	33.00	28.70	25.40	39.50	1.70	0.05	0.00
58.00	41.00	33.00	28.70	25.40	40.00	1.70	0.05	0.00
58.10	40.80	33.00	28.70	25.40	39.80	1.50	0.05	0.00
58.20	40.90	33.10	28.60	25.50	39.80	3.20	0.05	0.00
58.30	40.90	33.10	28.60	25.50	39.70	2.00	0.05	0.00
58.40	40.80	33.10	28.70	25.50	39.50	1.70	0.06	0.00
58.50	40.80	33.10	28.90	25.50	39.50	1.70	0.06	0.00
58.60	40.80	33.10	28.90	25.50	40.00	1.80	0.06	0.00
58.70	40.80	33.00	28.70	25.40	39.80	1.80	0.06	0.00
58.80	40.60	32.90	28.60	25.30	39.70	1.70	0.06	0.00
58.90	40.60	32.90	28.60	25.30	39.80	2.00	0.06	0.00
59.00	40.70	33.00	28.70	25.50	39.50	1.50	0.07	0.00
59.10	40.60	33.00	28.80	25.50	39.70	0.60	0.07	0.00
59.20	40.60	33.00	28.80	25.50	39.80	1.50	0.07	0.00
59.30	40.70	33.10	28.80	25.50	40.00	1.50	0.07	0.00
59.40	40.80	33.00	28.70	25.50	40.00	1.50	0.07	0.00
59.50	40.80	33.00	28.70	25.50	40.00	2.60	0.07	0.00
59.60	40.60	33.00	28.70	25.40	40.00	1.70	0.07	0.00
59.70	40.60	33.00	28.70	25.40	39.80	1.70	0.07	0.00
59.80	40.70	33.00	28.80	25.50	39.70	1.70	0.08	0.00
59.90	40.60	33.00	28.80	25.50	39.80	2.30	0.07	0.00
60.00	40.80	33.00	28.80	25.50	40.00	1.50	0.08	0.00
60.10	40.80	33.00	28.80	25.50	39.70	1.70	0.08	0.00
60.20	40.70	33.10	28.90	25.70	40.10	2.00	0.08	0.00
60.30	40.70	33.10	28.90	25.70	39.80	2.00	0.08	0.00
60.40	40.60	33.00	28.70	25.50	39.80	2.00	0.08	0.00
60.50	40.70	33.10	28.90	25.50	39.50	2.30	0.08	0.00
60.60	40.70	33.10	28.90	25.50	40.10	1.80	0.09	0.00
60.70	40.70	33.10	28.80	25.40	40.00	1.70	0.09	0.00
60.80	40.70	33.00	28.70	25.40	40.00	1.50	0.09	0.00
60.90	40.70	33.00	28.70	25.40	39.80	1.70	0.09	0.00
61.00	40.80	33.10	28.90	25.60	40.00	1.50	0.09	0.00
61.10	40.70	33.00	28.80	25.50	39.50	1.80	0.09	0.00
61.20	40.70	33.00	28.80	25.50	40.00	1.70	0.09	0.00
61.30	40.60	33.10	28.80	25.60	39.80	1.70	0.09	0.00
61.40	40.60	33.10	28.80	25.60	40.10	1.50	0.09	0.00
61.50	40.70	33.10	28.70	25.60	39.70	1.80	0.09	0.00
61.60	40.90	33.20	28.80	25.50	39.70	2.10	0.10	0.00
61.70	40.90	33.20	28.80	25.50	39.50	1.50	0.10	0.00
61.80	40.60	33.00	28.80	25.50	40.00	1.50	0.10	0.00
61.90	40.60	33.10	28.80	25.50	39.80	1.70	0.10	0.00
62.00	40.60	33.10	28.80	25.50	40.10	1.80	0.10	0.00
62.10	40.60	33.00	28.70	25.50	39.50	1.50	0.10	0.00
62.20	40.70	33.10	28.80	25.50	39.70	1.70	0.10	0.00
62.30	40.70	33.10	28.80	25.50	39.70	1.70	0.11	0.00
62.40	40.60	33.00	28.70	25.40	39.80	1.70	0.11	0.00
62.50	40.60	33.00	28.60	25.40	39.70	1.50	0.11	0.00
62.60	40.60	33.00	28.60	25.40	39.70	1.50	0.11	0.00
62.70	40.50	33.00	28.70	25.50	41.10	1.70	0.11	0.00
62.80	40.50	33.00	28.90	25.50	40.00	1.50	0.11	0.00
62.90	40.50	33.00	28.90	25.50	39.50	1.80	0.11	0.00
63.00	40.50	33.20	28.80	25.60	39.70	1.80	0.11	0.00
63.10	40.50	33.10	28.90	25.50	39.80	1.80	0.11	0.00
63.20	40.50	33.10	28.90	25.50	40.00	1.50	0.11	0.00
63.30	40.60	33.10	28.80	25.60	40.00	1.50	0.12	0.00
63.40	40.60	33.10	28.80	25.60	40.00	2.30	0.12	0.00
63.50	40.60	33.10	28.80	25.60	39.80	1.70	0.12	0.00
63.60	40.50	33.00	28.70	25.50	39.80	1.50	0.12	0.00
63.70	40.60	33.20	28.80	25.60	39.80	1.70	0.12	0.00
63.80	40.60	33.20	28.80	25.60	40.00	2.00	0.12	0.00
63.90	40.60	33.20	28.80	25.50	39.50	1.70	0.12	0.00
64.00	40.60	33.10	28.90	25.50	40.00	1.70	0.12	0.00
64.10	40.60	33.10	28.90	25.50	40.00	1.30	0.12	0.00
64.20	40.50	33.10	28.60	25.50	40.30	1.30	0.12	0.00
64.30	40.40	33.10	28.80	25.60	40.30	1.30	0.13	0.00
64.40	40.40	33.10	28.80	25.60	39.70	1.70	0.13	0.00
64.50	40.50	33.00	28.70	25.50	39.10	1.50	0.13	0.00
64.60	40.50	33.00	28.70	25.50	39.50	2.10	0.13	0.00
64.70	40.50	33.10	28.90	25.50	39.80	1.80	0.13	0.00
64.80	40.30	33.10	28.70	25.50	40.10	1.70	0.13	0.00
64.90	40.30	33.10	28.70	25.50	39.70	1.70	0.13	0.00
65.00	40.40	33.10	28.80	25.60	39.80	1.70	0.13	0.00
65.10	40.50	33.10	28.80	25.50	40.00	1.50	0.13	0.00
65.20	40.50	33.10	28.80	25.50	40.00	1.50	0.14	0.00
65.30	40.40	33.10	28.80	25.50	40.00	1.70	0.14	0.00
65.40	40.50	33.00	28.80	25.50	39.70	1.20	0.13	0.00
65.50	40.50	33.00	28.80	25.50	39.70	2.00	0.14	0.00
65.60	40.40	33.00	28.60	25.30	39.80	1.70	0.14	0.00
65.70	40.40	33.00	28.80	25.50	39.80	1.70	0.14	0.00
65.80	40.40	33.00	28.80	25.50	39.50	1.50	0.14	0.00
65.90	40.40	33.10	28.80	25.50	39.70	1.70	0.14	0.00
66.00	40.40	33.10	28.90	25.50	39.50	1.50	0.14	0.00
66.10	40.40	33.10	28.90	25.50	39.50	2.00	0.14	0.00
66.20	40.40	33.20	28.70	25.50	39.50	2.00	0.14	0.00
66.30	40.40	33.20	28.80	25.50	39.80	2.60	0.14	0.00
66.40	40.40	33.20	28.80	25.50	39.80	1.70	0.14	0.00
66.50	40.50	33.10	28.70	25.50	39.70	1.50	0.14	0.00
66.60	40.50	33.10	28.80	25.50	40.10	1.80	0.14	0.00
66.70	40.50	33.10	28.80	25.50	40.00	1.80	0.14	0.00
66.80	40.30	33.10	28.80	25.50	39.50	1.80	0.14	0.00
66.90	40.50	33.00	28.80	25.50	39.80	1.50	0.14	0.00
67.00	40.50	33.00	28.80	25.50	39.70	1.50	0.14	0.00
67.10	40.40	33.00	28.80	25.60	39.70	1.50	0.15	0.00
67.20	40.40	33.00	28.80	25.60	39.50	1.70	0.15	0.00
67.30	40.40	33.00	28.80	25.60	40.00	1.50	0.15	0.00
67.40	40.50	33.00	28.90	25.60	39.80	1.50	0.15	0.00
67.50	40.20	33.10	28.80	25.50	40.60	1.80	0.15	0.00
67.60	40.20	33.10	28.80	25.50	39.70	3.00	0.15	0.00
67.70	40.50	33.10	28.80	25.50	39.50	1.50	0.15	0.00
67.80	40.30	33.00	28.60	25.30	39.80	1.70	0.15	0.00
67.90	40.30	33.00	28.60	25.30	39.80	1.80	0.15	0.00
68.00	40.30	33.10	28.80	25.40	39.80	1.80	0.15	0.00
68.10	40.40	33.00	28.70	25.40	40.00	1.80	0.15	0.00
68.20	40.40	33.00	28.70	25.40	39.80	2.00	0.15	0.00
68.30	40.40	33.10	28.90	25.60	39.50	1.70	0.15	0.00
68.40	40.40	33.00	28.80	25.60	40.00	1.70	0.16	0.00
68.50	40.40	33.00	28.80	25.60	40.00	1.80	0.16	0.00
68.60	40.40	33.00	28.80	25.60	38.90	1.70	0.16	0.00
68.70	40.40	33.10	28.90	25.60	39.50	1.80	0.16	0.00
68.80	40.40	33.10	28.90	25.60	40.10	1.50	0.16	0.00
68.90	40.40	33.10	28.80	25.60	40.10	1.50	0.16	0.00
69.00	40.30	33.00	28.70	25.50	39.80	2.40	0.16	0.00
69.10	40.30	33.00	28.70	25.50	39.80	1.20	0.16	0.00
69.20	40.30	33.10	28.80	25.60	40.00	1.70	0.16	0.00
69.30	40.40	33.10	28.80	25.50	39.70	2.70	0.16	0.00
69.40	40.40	33.10	28.80	25.50	39.50	1.70	0.16	0.00
69.50	40.20	33.20	28.90	25.60	39.70	1.70	0.16	0.00
69.60	40.30	33.10	28.90	25.60	40.10	1.70	0.16	0.00
69.70	40.30	33.10	28.90	25.60	39.20	1.50	0.16	0.00
69.80	40.20	33.20	28.80	25.50	39.20	1.50	0.16	0.00
69.90	40.20	32.90	28.70	25.40	40.00	1.30	0.16	0.00
70.00	40.20	32.90	28.70	25.40	39.80	1.80	0.16	0.00
70.10	40.30	33.10	28.70	25.50	39.40	1.70	0.16	0.00
70.20	40.20	33.00	28.70	25.50	40.00	1.80	0.16	0.00
70.30	40.20	33.00	28.70	25.50	39.80	1.70	0.16	0.00
70.40	40.40	33.20	28.90	25.60	39.80	2.00	0.16	0.00
70.50	40.40	33.20	28.90	25.60	39.70	1.70	0.17	0.00
70.60	40.30	33.10	28.80	25.50	39.80	2.00	0.17	0.00
70.70	40.30	33.00	28.80	25.60	39.80	2.00	0.17	0.00
70.80	40.30	33.00	28.80	25.60	39.40	1.70	0.17	0.00
70.90	40.40	33.00	28.80	25.50	39.70	1.70	0.17	0.00
71.00	40.30	33.10	28.90	25.60	40.00	1.70	0.17	0.00
71.10	40.30	33.10	28.90	25.60	40.10	1.50	0.17	0.00
71.20	40.30	33.00	28.90	25.50	39.80	1.50	0.17	0.00
71.30	40.30	33.10	28.80	25.60	39.80	1.80	0.17	0.00
71.40	40.30	33.10	28.80	25.60	39.80	1.70	0.17	0.00
71.50	40.20	33.10	28.80	25.50	40.00	1.50	0.17	0.00
71.60	40.20	33.00	28.70	25.40	40.00	1.50	0.17	0.00
71.70	40.20	33.00	28.70	25.40	39.70	2.10	0.17	0.00
71.80	40.20	33.00	28.80	25.40	39.80	2.00	0.17	0.00
71.90	40.20	33.00	28.80	25.40	39.80	2.10	0.17	0.00
72.00	40.30	33.00	28.80	25.60	39.50	1.50	0.17	0.00
72.10	40.20	33.10	28.80	25.50	39.50	1.50	0.17	0.00
72.20	40.20	33.10	28.80	25.50	39.70	1.70	0.18	0.00
72.30	40.40	33.00	28.70	25.50	39.80	1.80	0.17	0.00
72.40	40.30	33.00	28.70	25.50	39.80	1.80	0.17	0.00
72.50	40.30	33.00	28.70	25.50	40.00	2.00	0.17	0.00
72.60	40.20	33.10	28.80	25.50	40.00	2.00	0.17	0.00
72.70	40.20	33.10	28.80	25.50	39.70	1.30	0.17	0.00
72.80	40.10	33.00	28.80	25.50	39.80	1.70	0.17	0.00
72.90	40.20	33.00	28.70	25.60	39.80	1.80	0.17	0.00
73.00	40.20	33.00	28.70	25.60	40.40	1.80	0.17	0.00
73.10	40.10	33.00	28.70	25.40	39.80	2.00	0.18	0.00
73.20	40.10	33.20	28.80	25.50	40.60	1.80	0.18	0.00
73.30	40.10	33.20	28.80	25.50	39.50	1.50	0.18	0.00
73.40	40.10	33.10	28.80	25.60	39.80	1.70	0.18	0.00
73.50	40.10	33.20	28.80	25.50	39.80	1.70	0.18	0.00
73.60	40.10	33.20	28.80	25.50	39.70	1.30	0.18	0.00
73.70	40.10	33.10	28.80	25.60	39.70	1.50	0.18	0.00
73.80	40.10	33.00	28.90	25.60	40.40	1.80	0.18	0.00
73.90	40.10	33.00	28.90	25.60	39.70	1.70	0.18	0.00
74.00	40.20	33.10	28.80	25.50	39.50	1.50	0.18	0.00
74.10	40.00	33.10	29.00	25.60	39.80	1.70	0.18	0.00
74.20	40.00	33.10	29.00	25.60	39.70	1.50	0.18	0.00
74.30	40.10	33.10	28.90	25.50	39.80	2.00	0.18	0.00
74.40	40.10	33.00	28.70	25.50	39.80	1.80	0.18	0.00
74.50	40.10	33.00	28.70	25.50	39.80	1.80	0.18	0.00
74.60	40.10	33.10	28.80	25.50	39.70	1.80	0.18	0.00
74.70	40.10	33.10	28.80	25.50	39.70	1.70	0.18	0.00
74.80	40.10	33.20	28.80	25.60	39.70	1.80	0.18	0.00
74.90	40.00	32.90	28.60	25.40	39.70	1.80	0.18	0.00
75.00	40.00	32.90	28.60	25.40	40.10	2.10	0.18	0.00
75.10	40.20	33.00	28.80	25.60	39.70	2.10	0.18	0.00
75.20	40.10	33.00	28.70	25.50	39.50	1.80	0.18	0.00
75.30	40.00	33.10	28.70	25.50	39.70	1.70	0.18	0.00
75.40	40.00	33.10	28.70	25.50	39.70	1.70	0.18	0.00
75.50	40.10	33.10	28.80	25.70	39.80	1.80	0.18	0.00
75.60	40.10	33.10	28.80	25.70	40.70	1.80	0.18	0.00
75.70	40.20	33.30	28.90	25.70	39.70	1.70	0.18	0.00
75.80	40.10	33.10	28.80	25.60	39.80	1.80	0.18	0.00
75.90	40.10	33.10	28.80	25.60	39.50	1.70	0.18	0.00
76.00	40.00	33.10	28.80	25.50	39.50	1.50	0.18	0.00
76.10	40.00	33.10	28.90	25.60	40.30	1.80	0.18	0.00
76.20	40.00	33.10	28.90	25.60	39.80	1.80	0.19	0.00
76.30	40.10	33.20	28.90	25.60	39.80	1.80	0.19	0.00
76.40	40.10	33.10	28.90	25.60	40.00	1.50	0.19	0.00
76.50	40.10	33.10	28.90	25.60	39.50	1.70	0.19	0.00
76.60	40.00	33.20	28.90	25.70	39.50	1.70	0.19	0.00
76.70	39.90	33.10	28.80	25.50	39.70	2.00	0.18	0.00
76.80	39.90	33.10	28.80	25.50	39.70	2.40	0.18	0.00
76.90	40.10	33.10	28.90	25.70	39.70	1.50	0.18	0.00
77.00	40.10	33.10	28.80	25.60	39.70	1.70	0.18	0.00
77.10	40.10	33.10	28.80	25.60	39.70	1.80	0.18	0.00
77.20	39.90	33.10	28.70	25.40	39.70	1.80	0.18	0.00
77.30	40.10	33.10	29.00	25.70	39.80	1.80	0.18	0.00
77.40	40.10	33.10	29.00	25.70	40.00	1.80	0.19	0.00
77.50	40.00	33.10	28.90	25.50	39.50	0.90	0.19	0.00
77.60	40.00	33.10	28.90	25.50	40.00	1.80	0.19	0.00
77.70	40.00	33.10	28.70	25.50	39.80	1.70	0.19	0.00
77.80	40.00	33.00	28.70	25.60	40.00	1.80	0.19	0.00
77.90	40.00	33.00	28.70	25.60	39.80	1.80	0.18	0.00
78.00	39.90	33.10	28.80	25.60	39.70	1.50	0.19	0.00
78.10	39.90	33.10	28.80	25.60	39.70	1.50	0.19	0.00
78.20	39.90	33.10	28.80	25.60	39.80	1.70	0.19	0.00
78.30	40.00	33.20	29.00	25.70	40.30	1.80	0.19	0.00
78.40	40.00	33.20	29.00	25.70	39.70	2.00	0.19	0.00
78.50	40.00	33.20	28.80	25.50	39.70	1.50	0.19	0.00
78.60	39.80	33.10	28.80	25.50	40.00	1.70	0.19	0.00
78.70	39.80	33.10	28.80	25.50	40.00	1.50	0.19	0.00
78.80	39.90	33.10	28.90	25.60	39.80	1.80	0.19	0.00
78.90	40.00	33.20	28.80	25.60	39.80	2.00	0.19	0.00
79.00	40.00	33.20	28.80	25.60	39.80	1.80	0.19	0.00
79.10	40.00	33.10	28.80	25.50	39.80	1.80	0.19	0.00
79.20	40.00	33.00	28.80	25.60	39.70	1.30	0.19	0.00
79.30	40.00	33.00	28.80	25.60	39.50	2.00	0.19	0.00
79.40	39.80	33.10	28.80	25.60	39.70	1.50	0.19	0.00
79.50	39.90	33.10	28.90	25.60	39.70	1.80	0.19	0.00
79.60	39.90	33.10	28.90	25.60	39.70	1.50	0.19	0.00
79.70	39.90	33.20	28.90	25.50	40.00	1.70	0.19	0.00
79.80	39.90	33.20	28.90	25.50	39.70	2.00	0.19	0.00
79.90	39.90	33.20	28.90	25.50	39.50	1.70	0.19	0.00
80.00	39.80	33.00	28.90	25.60	39.50	1.70	0.19	0.00
80.10	39.80	33.00	28.90	25.60	39.50	1.70	0.19	0.00
80.20	39.90	33.20	28.80	25.60	39.80	2.10	0.19	0.00
80.30	39.90	33.20	28.80	25.60	39.80	3.30	0.19	0.00
80.40	39.90	33.20	28.80	25.60	40.00	1.50	0.19	0.00
80.50	39.90	33.10	28.80	25.50	39.70	1.70	0.19	0.00
80.60	39.90	33.30	29.00	25.60	40.30	1.70	0.19	0.00
80.70	39.90	33.30	29.00	25.60	39.70	1.70	0.19	0.00
80.80	39.90	33.00	28.80	25.40	39.70	1.50	0.19	0.00
80.90	39.80	33.20	28.80	25.50	39.70	1.50	0.19	0.00
81.00	39.80	33.20	28.80	25.50	39.70	1.80	0.19	0.00
81.10	39.60	33.20	28.90	25.60	39.70	1.50	0.19	0.00
81.20	39.80	33.00	28.80	25.50	40.30	1.70	0.19	0.00
81.30	39.80	33.00	28.80	25.50	39.70	1.30	0.19	0.00
81.40	39.80	33.20	28.80	25.50	40.00	1.80	0.19	0.00
81.50	39.80	33.20	29.00	25.50	39.50	1.80	0.19	0.00
81.60	39.80	33.20	29.00	25.50	39.70	1.70	0.19	0.00
81.70	39.80	33.00	28.80	25.60	39.40	1.80	0.19	0.00
81.80	39.80	33.00	28.80	25.60	39.40	1.80	0.19	0.00
81.90	39.70	33.10	28.80	25.70	39.80	1.80	0.19	0.00
82.00	39.80	33.10	28.90	25.60	39.40	1.80	0.19	0.00
82.10	39.80	33.10	28.90	25.60	39.40	1.50	0.19	0.00
82.20	39.70	33.10	28.80	25.60	39.80	1.50	0.19	0.00
82.30	39.70	33.00	28.70	25.50	40.00	1.80	0.19	0.00
82.40	39.70	33.00	28.70	25.50	40.00	2.00	0.19	0.00
82.50	39.70	33.10	28.70	25.50	39.70	1.70	0.19	0.00
82.60	39.60	33.10	28.80	25.50	39.50	1.70	0.19	0.00
82.70	39.60	33.10	28.80	25.50	39.80	1.80	0.19	0.00
82.80	39.70	33.10	28.80	25.60	39.80	1.80	0.19	0.00
82.90	39.90	33.10	28.80	25.60	39.50	1.70	0.19	0.00
83.00	39.90	33.10	28.80	25.60	39.50	1.80	0.19	0.00
83.10	39.80	33.10	28.90	25.60	39.70	1.50	0.19	0.00
83.20	39.60	33.30	29.00	25.60	40.00	1.70	0.19	0.00
83.30	39.60	33.30	29.00	25.60	39.80	0.60	0.19	0.00
83.40	39.80	33.00	28.80	25.50	39.50	1.70	0.19	0.00
83.50	39.90	33.20	28.90	25.60	39.50	1.70	0.19	0.00
83.60	39.90	33.20	28.90	25.60	39.40	1.50	0.19	0.00
83.70	39.80	33.20	28.90	25.50	39.40	1.50	0.19	0.00
83.80	39.70	33.10	28.70	25.60	39.70	1.70	0.19	0.00
83.90	39.70	33.10	28.70	25.60	39.70	1.50	0.19	0.00
84.00	39.80	33.10	28.90	25.60	39.50	1.80	0.19	0.00
84.10	39.70	33.10	28.80	25.60	39.80	1.30	0.19	0.00
84.20	39.70	33.10	28.80	25.60	40.40	1.50	0.19	0.00
84.30	39.70	33.10	28.90	25.60	39.40	1.70	0.19	0.00
84.40	39.80	33.00	28.80	25.60	39.50	2.10	0.19	0.00
84.50	39.80	33.00	28.80	25.60	39.50	2.10	0.19	0.00
84.60	39.80	33.10	28.80	25.50	39.50	2.10	0.19	0.00
84.70	39.70	33.10	28.80	25.60	39.80	1.50	0.19	0.00
84.80	39.70	33.10	28.80	25.60	39.80	0.70	0.19	0.00
84.90	39.70	33.20	29.00	25.70	39.70	2.10	0.19	0.00
85.00	39.70	33.10	28.90	25.70	39.70	1.80	0.19	0.00
85.10	39.70	33.10	28.90	25.70	39.70	1.70	0.19	0.00
85.20	39.70	33.20	28.90	25.50	39.80	1.80	0.19	0.00
85.30	39.60	33.20	28.80	25.70	39.50	1.20	0.19	0.00
85.40	39.60	33.20	28.80	25.70	39.70	2.00	0.19	0.00
85.50	39.60	33.00	28.70	25.50	39.70	2.00	0.19	0.00
85.60	39.80	33.10	28.70	25.60	39.40	1.70	0.19	0.00
85.70	39.80	33.10	28.70	25.60	39.50	1.70	0.19	0.00
85.80	39.70	33.20	28.80	25.60	38.70	1.50	0.19	0.00
85.90	39.70	33.10	28.90	25.60	39.70	1.70	0.19	0.00
86.00	39.70	33.10	28.90	25.60	39.70	2.00	0.19	0.00
86.10	39.80	33.10	28.80	25.50	39.50	1.70	0.19	0.00
86.20	39.60	33.00	28.70	25.50	39.70	1.50	0.19	0.00
86.30	39.60	33.00	28.70	25.50	39.70	1.80	0.19	0.00
86.40	39.70	33.10	28.80	25.70	39.80	1.80	0.19	0.00
86.50	39.70	33.10	28.80	25.70	39.80	1.50	0.19	0.00
86.60	39.80	33.20	28.90	25.60	39.70	2.30	0.19	0.00
86.70	39.80	33.10	28.90	25.70	39.40	2.00	0.19	0.00
86.80	39.80	33.10	28.90	25.70	40.00	1.70	0.19	0.00
86.90	39.60	33.20	28.80	25.50	40.00	2.10	0.19	0.00
87.00	39.60	33.20	28.80	25.50	39.20	1.70	0.19	0.00
87.10	39.70	33.20	28.80	25.60	39.50	1.70	0.19	0.00
87.20	39.60	33.10	28.80	25.40	39.50	1.50	0.19	0.00
87.30	39.60	33.10	28.80	25.40	39.10	2.00	0.19	0.00
87.40	39.70	33.20	28.80	25.50	39.10	2.00	0.19	0.00
87.50	39.60	33.10	28.80	25.60	39.20	1.70	0.19	0.00
87.60	39.60	33.10	28.80	25.60	40.00	2.40	0.19	0.00
87.70	39.50	33.20	28.90	25.60	39.70	1.70	0.19	0.00
87.80	39.50	33.10	28.80	25.50	40.00	1.70	0.18	0.00
87.90	39.50	33.10	28.80	25.50	40.00	2.00	0.18	0.00
88.00	39.80	33.30	28.90	25.60	39.80	2.00	0.18	0.00
88.10	39.60	33.20	28.90	25.50	39.70	1.80	0.18	0.00
88.20	39.60	33.20	28.90	25.50	39.50	1.50	0.18	0.00
88.30	39.60	33.20	28.90	25.60	39.50	1.50	0.18	0.00
