Ambient Temperature(C): 22.3
Ambient Pressure(in Hg): 
Time(s)	T1(Deg C)	Wall Temp(Deg C)	Top Plate(Deg C)	Bottom Plate(Deg C)	P1(PSI)	P2(PSI)	Mass Flowrate(g/min)	Heater Energy (kJ)

0.00	22.50	22.20	22.30	22.00	0.90	-0.20	0.00	0.00
0.10	22.50	22.20	22.30	22.00	1.20	0.70	0.00	0.00
0.20	22.60	22.30	22.40	22.00	1.00	0.00	0.00	0.00
0.30	22.60	22.30	22.50	22.00	1.30	0.40	0.00	0.00
0.40	22.60	22.30	22.50	22.00	0.90	-0.20	0.00	0.00
0.50	22.60	22.20	22.40	22.00	0.90	-0.20	0.00	0.00
0.60	22.60	22.20	22.40	22.00	0.90	0.00	0.00	0.00
0.70	22.60	22.20	22.40	22.10	0.30	0.00	0.00	0.00
0.80	22.50	22.20	22.40	22.00	1.00	0.00	0.00	0.00
0.90	22.50	22.20	22.40	22.00	1.00	0.10	0.00	0.00
1.00	22.70	22.20	22.40	22.00	0.90	0.00	0.00	0.00
1.10	22.50	22.30	22.40	22.00	1.30	0.10	0.00	0.00
1.20	22.50	22.30	22.40	22.00	1.00	-0.20	0.00	0.00
1.30	22.50	22.20	22.30	21.90	0.90	0.10	0.00	0.00
1.40	22.60	22.20	22.40	22.00	0.90	0.10	0.00	0.00
1.50	22.60	22.20	22.40	22.00	0.90	-0.30	0.00	0.00
1.60	22.50	22.30	22.40	21.90	0.70	-0.20	0.00	0.00
1.70	22.50	22.30	22.40	21.90	0.90	0.30	0.00	0.00
1.80	22.70	22.20	22.30	22.00	0.70	0.30	0.00	0.00
1.90	22.60	22.20	22.40	21.90	0.90	-0.80	0.00	0.00
2.00	22.60	22.20	22.40	21.90	1.00	0.10	0.00	0.00
2.10	22.50	22.10	22.40	21.90	0.60	0.10	0.00	0.00
2.20	22.60	22.20	22.40	21.90	0.90	0.30	0.00	0.00
2.30	22.60	22.20	22.40	21.90	0.90	0.10	0.00	0.00
2.40	22.60	22.20	22.40	22.00	0.70	0.00	0.00	0.00
2.50	22.50	22.10	22.30	21.90	0.70	0.10	0.00	0.00
2.60	22.50	22.10	22.30	21.90	0.70	0.10	0.00	0.00
2.70	22.60	22.10	22.40	22.00	0.70	0.00	0.00	0.00
2.80	22.60	22.10	22.40	22.00	1.00	0.10	0.00	0.00
2.90	22.60	22.20	22.30	22.00	0.60	0.30	0.00	0.00
3.00	22.50	22.20	22.40	22.00	0.60	0.10	0.00	0.00
3.10	22.50	22.20	22.40	22.00	0.60	0.30	0.00	0.00
3.20	22.50	22.20	22.40	22.10	0.90	0.10	0.00	0.00
3.30	22.60	22.20	22.40	22.00	0.90	0.10	0.00	0.00
3.40	22.60	22.20	22.40	22.00	1.00	-0.20	0.00	0.00
3.50	22.60	22.30	22.40	22.10	1.00	0.00	0.00	0.00
3.60	22.60	22.20	22.30	22.00	1.30	0.00	0.00	0.00
3.70	22.60	22.20	22.30	22.00	0.70	0.00	0.00	0.00
3.80	22.50	22.20	22.40	21.90	0.90	0.30	0.00	0.00
3.90	22.50	22.30	22.40	22.00	1.00	-0.20	0.00	0.00
4.00	22.50	22.30	22.40	22.00	1.00	0.30	0.00	0.00
4.10	22.60	22.20	22.20	22.00	0.90	0.00	0.00	0.00
4.20	22.50	22.20	22.30	22.00	1.00	0.00	0.00	0.00
4.30	22.50	22.20	22.30	22.00	1.00	0.00	0.00	0.00
4.40	22.50	22.20	22.40	21.90	0.90	0.10	0.00	0.00
4.50	22.60	22.30	22.50	22.00	0.30	-0.30	0.00	0.00
4.60	22.60	22.30	22.50	22.00	0.70	-0.80	0.00	0.00
4.70	22.60	22.30	22.40	22.10	0.70	0.10	0.00	0.00
4.80	22.60	22.30	22.40	22.00	0.90	0.10	0.00	0.00
4.90	22.60	22.30	22.40	22.00	1.00	0.00	0.00	0.00
5.00	22.60	22.20	22.40	21.90	1.00	0.00	0.00	0.00
5.10	22.60	22.20	22.40	21.90	0.60	-0.20	0.00	0.00
5.20	22.60	22.40	22.50	22.20	0.60	-0.20	0.00	0.00
5.30	22.60	22.30	22.40	22.10	0.70	-0.20	0.00	0.00
5.40	22.60	22.30	22.40	22.10	1.20	-0.30	0.00	0.00
5.50	22.50	22.30	22.30	22.00	0.70	0.10	0.00	0.00
5.60	22.60	22.20	22.30	22.10	0.90	0.00	0.00	0.00
5.70	22.60	22.20	22.30	22.10	0.90	0.00	0.00	0.00
5.80	22.60	22.20	22.30	22.00	1.00	0.00	0.00	0.00
5.90	22.60	22.20	22.30	22.00	0.90	-1.10	0.00	0.00
6.00	22.60	22.10	22.20	22.00	0.70	0.10	0.00	0.00
6.10	22.50	22.30	22.40	22.00	0.90	0.40	0.00	0.00
6.20	22.50	22.30	22.40	22.00	0.90	0.40	0.00	0.00
6.30	22.50	22.10	22.40	21.90	0.90	0.30	0.00	0.00
6.40	22.60	22.30	22.40	22.00	0.90	0.10	0.00	0.00
6.50	22.60	22.30	22.40	22.00	1.00	-0.20	0.00	0.00
6.60	22.50	22.20	22.30	21.90	1.00	0.10	0.00	0.00
6.70	22.50	22.20	22.30	21.90	0.90	0.10	0.00	0.00
6.80	22.50	22.20	22.20	22.00	1.20	0.00	0.00	0.00
6.90	22.70	22.20	22.40	22.00	0.70	0.00	0.00	0.00
7.00	22.70	22.20	22.40	22.00	1.00	0.40	0.00	0.00
7.10	22.60	22.20	22.40	22.00	1.50	0.00	0.00	0.00
7.20	22.60	22.20	22.40	22.00	1.50	0.00	0.00	0.00
7.30	22.60	22.20	22.40	22.00	0.70	0.10	0.00	0.00
7.40	22.50	22.20	22.40	22.00	0.40	0.30	0.00	0.00
7.50	22.60	22.30	22.40	22.00	0.90	0.70	0.00	0.00
7.60	22.60	22.30	22.40	22.00	0.70	-0.20	0.00	0.00
7.70	22.60	22.30	22.40	22.10	1.00	0.10	0.00	0.00
7.80	22.60	22.20	22.30	22.00	0.70	0.10	0.00	0.00
7.90	22.60	22.20	22.30	22.00	1.20	0.30	0.00	0.00
8.00	22.70	22.30	22.50	22.10	0.90	0.10	0.00	0.00
8.10	22.50	22.30	22.30	22.00	0.90	0.10	0.00	0.00
8.20	22.50	22.30	22.30	22.00	0.90	0.10	0.00	0.00
8.30	22.50	22.30	22.40	22.10	1.20	0.10	0.00	0.00
8.40	22.50	22.20	22.20	21.90	1.00	0.10	0.00	0.00
8.50	22.50	22.20	22.20	21.90	1.00	0.10	0.00	0.00
8.60	22.60	22.20	22.40	22.00	0.90	0.00	0.00	0.00
8.70	22.60	22.20	22.40	22.00	1.00	0.10	0.00	0.00
8.80	22.70	22.40	22.40	22.00	1.00	0.30	0.00	0.00
8.90	22.60	22.20	22.40	22.10	1.00	-1.30	0.00	0.00
9.00	22.60	22.20	22.40	22.10	0.70	0.10	0.00	0.00
9.10	22.70	22.30	22.40	22.10	0.70	0.10	0.00	0.00
9.20	22.70	22.20	22.40	22.10	0.90	-0.20	0.00	0.00
9.30	22.70	22.20	22.40	22.10	1.00	0.30	0.00	0.00
9.40	22.70	22.30	22.30	22.10	0.90	-0.80	0.00	0.00
9.50	22.60	22.10	22.30	22.00	0.90	-0.30	0.00	0.00
9.60	22.60	22.10	22.30	22.00	1.20	0.00	0.00	0.00
9.70	22.60	22.30	22.20	22.00	0.70	-0.20	0.00	0.00
9.80	22.50	22.20	22.30	21.90	0.10	0.00	0.00	0.00
9.90	22.50	22.20	22.30	21.90	0.60	-0.30	0.00	0.00
10.00	22.50	22.20	22.40	21.90	1.00	0.60	0.00	0.00
10.10	22.50	22.20	22.40	21.90	1.00	-0.20	0.00	0.00
10.20	22.60	22.30	22.50	22.10	0.60	-0.20	0.00	0.00
10.30	22.60	22.20	22.20	22.00	1.30	0.10	0.00	0.00
10.40	22.60	22.20	22.20	22.00	1.20	0.70	0.00	0.00
10.50	22.60	22.30	22.40	21.90	0.70	-0.20	0.00	0.00
10.60	22.70	22.30	22.40	21.90	1.30	0.00	0.00	0.00
10.70	22.70	22.30	22.40	21.90	0.60	0.10	0.01	0.00
10.80	22.60	22.20	22.30	21.90	0.90	-0.30	0.00	0.00
10.90	22.60	22.20	22.30	22.00	1.00	0.00	0.00	0.00
11.00	22.60	22.20	22.30	22.00	1.00	0.00	0.00	0.00
11.10	22.60	22.20	22.30	22.00	1.00	0.10	0.00	0.00
11.20	22.60	22.20	22.30	22.00	1.00	0.70	0.00	0.00
11.30	22.60	22.40	22.40	22.00	0.90	0.10	0.00	0.00
11.40	22.50	22.20	22.40	21.90	0.70	0.10	0.00	0.00
11.50	22.50	22.20	22.40	21.90	1.30	-0.20	0.00	0.00
11.60	22.50	22.10	22.30	22.00	0.70	0.00	0.00	0.00
11.70	22.50	22.10	22.30	22.00	0.70	0.00	0.00	0.00
11.80	22.50	22.30	22.30	22.00	0.90	0.10	0.00	0.00
11.90	22.50	22.20	22.30	22.00	0.70	0.10	0.00	0.00
12.00	22.50	22.20	22.30	22.00	1.20	0.30	0.00	0.00
12.10	22.60	22.10	22.40	22.00	0.90	0.00	0.00	0.00
12.20	22.50	22.20	22.30	22.00	0.70	0.00	0.00	0.00
12.30	22.50	22.20	22.30	22.00	0.70	0.00	0.00	0.00
12.40	22.50	22.20	22.40	21.90	0.70	0.00	0.00	0.00
12.50	22.50	22.30	22.40	22.10	0.90	0.10	0.00	0.00
12.60	22.50	22.30	22.40	22.10	0.90	0.00	0.00	0.00
12.70	22.60	22.20	22.30	22.00	1.00	0.00	0.00	0.00
12.80	22.50	22.20	22.30	21.90	1.00	0.00	0.00	0.00
12.90	22.50	22.20	22.30	21.90	0.90	0.30	0.00	0.00
13.00	22.60	22.20	22.30	21.90	0.60	0.10	0.00	0.00
13.10	22.50	22.20	22.30	22.10	0.90	-0.20	0.00	0.00
13.20	22.50	22.20	22.30	22.10	1.00	0.10	0.00	0.00
13.30	22.50	22.10	22.30	22.00	1.00	0.30	0.00	0.00
13.40	22.50	22.10	22.30	22.00	0.90	0.10	0.00	0.00
13.50	22.70	22.30	22.40	22.00	1.00	-0.20	0.00	0.00
13.60	22.60	22.30	22.40	21.80	0.70	0.30	0.00	0.00
13.70	22.60	22.30	22.40	21.80	0.70	0.30	0.00	0.00
13.80	22.60	22.30	22.30	22.10	0.70	0.30	0.00	0.00
13.90	22.70	22.30	22.40	22.00	1.00	-0.20	0.00	0.00
14.00	22.70	22.30	22.40	22.00	0.70	0.10	0.00	0.00
14.10	22.60	22.20	22.50	22.00	0.90	0.00	0.00	0.00
14.20	22.50	22.10	22.30	21.90	0.90	0.00	0.00	0.00
14.30	22.50	22.10	22.30	21.90	1.00	-0.20	0.00	0.00
14.40	22.60	22.20	22.50	21.90	1.20	0.00	0.00	0.00
14.50	22.60	22.20	22.20	21.90	0.90	0.30	0.00	0.00
14.60	22.60	22.20	22.20	21.90	0.70	0.40	0.00	0.00
14.70	22.60	22.20	22.30	21.90	1.20	-0.30	0.00	0.00
14.80	22.60	22.20	22.30	21.90	0.90	0.10	0.00	0.00
14.90	22.60	22.20	22.30	21.90	1.30	-0.20	0.00	0.00
15.00	22.60	22.10	22.30	21.90	1.20	-0.20	0.00	0.00
15.10	22.50	22.10	22.20	21.90	0.90	-0.50	0.00	0.00
15.20	22.50	22.10	22.20	21.90	0.90	-1.00	0.00	0.00
15.30	22.60	22.30	22.30	21.90	0.00	0.00	0.00	0.00
15.40	22.60	22.20	22.20	21.90	0.60	0.10	0.00	0.00
15.50	22.60	22.20	22.20	21.90	0.90	0.30	0.00	0.00
15.60	22.50	22.20	22.40	22.00	0.90	0.30	0.00	0.00
15.70	22.50	22.30	22.30	21.90	0.90	0.10	0.00	0.00
15.80	22.50	22.30	22.30	21.90	0.70	1.00	0.00	0.00
15.90	22.60	22.20	22.40	22.00	0.70	-0.50	0.00	0.00
16.00	22.60	22.20	22.40	22.00	0.90	0.10	0.00	0.00
16.10	22.60	22.20	22.40	22.00	0.70	0.10	0.00	0.00
16.20	22.50	22.20	22.40	22.00	1.00	0.10	0.00	0.00
16.30	22.60	22.20	22.30	21.90	0.40	0.00	0.00	0.00
16.40	22.60	22.20	22.30	21.90	0.70	0.00	0.00	0.00
16.50	22.60	22.30	22.50	22.10	0.70	0.00	0.00	0.00
16.60	22.50	22.20	22.20	22.00	0.70	0.00	0.00	0.00
16.70	22.50	22.20	22.20	22.00	0.90	0.30	0.00	0.00
16.80	22.50	22.30	22.40	21.90	0.60	-0.20	0.00	0.00
16.90	22.50	22.30	22.40	21.90	0.90	-0.20	0.00	0.00
17.00	22.50	22.20	22.40	21.90	0.60	0.10	0.00	0.00
17.10	22.60	22.30	22.30	22.00	1.00	0.00	0.00	0.00
17.20	22.60	22.30	22.30	22.00	0.70	0.00	0.00	0.00
17.30	22.50	22.20	22.40	22.10	1.20	-0.20	0.00	0.00
17.40	22.50	22.20	22.30	21.90	1.00	0.10	0.00	0.00
17.50	22.50	22.20	22.30	21.90	1.00	0.10	0.00	0.00
17.60	22.70	22.20	22.40	22.10	0.70	-0.20	0.00	0.00
17.70	22.60	22.30	22.40	22.00	1.20	0.00	0.00	0.00
17.80	22.60	22.30	22.40	22.00	0.70	0.00	0.00	0.00
17.90	22.70	22.30	22.40	22.00	0.90	0.00	0.00	0.00
18.00	22.80	22.20	22.40	22.00	1.00	0.10	0.00	0.00
18.10	22.80	22.20	22.40	22.00	0.90	-0.20	0.00	0.00
18.20	22.70	22.30	22.40	22.00	1.00	0.00	0.00	0.00
18.30	22.50	22.20	22.30	21.90	2.10	-0.20	0.00	0.00
18.40	22.50	22.20	22.30	21.90	0.70	0.00	0.00	0.00
18.50	22.70	22.30	22.40	22.00	0.70	0.00	0.00	0.00
18.60	22.70	22.30	22.40	22.00	0.90	0.10	0.00	0.00
18.70	22.60	22.20	22.30	21.90	0.70	-0.80	0.00	0.00
18.80	22.60	22.20	22.30	21.90	0.70	0.10	0.00	0.00
18.90	22.60	22.20	22.30	21.90	1.00	-0.20	0.00	0.00
19.00	22.60	22.30	22.30	22.00	0.90	0.10	0.00	0.00
19.10	22.60	22.30	22.30	22.00	0.70	0.00	0.00	0.00
19.20	22.50	22.20	22.10	21.90	0.90	-0.20	0.00	0.00
19.30	22.50	22.20	22.40	22.00	1.20	0.30	0.00	0.00
19.40	22.50	22.20	22.40	22.00	1.20	0.30	0.00	0.00
19.50	22.60	22.30	22.40	22.00	0.70	0.10	0.00	0.00
19.60	22.60	22.30	22.40	22.00	0.90	-0.30	0.00	0.00
19.70	22.70	22.30	22.50	22.10	0.90	0.10	0.00	0.00
19.80	22.70	22.30	22.50	22.10	1.80	0.10	0.00	0.00
19.90	22.60	22.20	22.30	21.90	0.90	0.10	0.00	0.00
20.00	22.60	22.20	22.30	21.90	0.90	0.10	0.00	0.00
20.10	22.50	22.20	22.30	21.90	1.20	-0.20	0.00	0.00
20.20	22.70	22.40	22.40	22.00	1.00	-0.20	0.00	0.00
20.30	22.70	22.40	22.40	22.00	1.00	-0.20	0.00	0.00
20.40	22.50	22.20	22.40	22.00	1.00	0.10	0.00	0.00
20.50	22.60	22.30	22.40	22.00	0.70	0.00	0.00	0.00
20.60	22.60	22.30	22.40	22.00	0.90	0.00	0.00	0.00
20.70	22.60	22.40	22.50	22.10	0.90	0.10	0.00	0.00
20.80	22.50	22.20	22.30	21.90	0.70	-0.50	0.00	0.00
20.90	22.50	22.20	22.30	21.90	0.90	0.60	0.00	0.00
21.00	22.70	22.40	22.50	22.10	0.90	0.10	0.00	0.00
21.10	22.60	22.30	22.40	22.00	0.70	-0.70	0.00	0.00
21.20	22.60	22.30	22.40	22.00	0.70	-0.70	0.00	0.00
21.30	22.60	22.30	22.30	21.90	1.00	1.30	0.00	0.00
21.40	22.70	22.20	22.50	22.00	1.00	0.10	0.00	0.00
21.50	22.70	22.20	22.50	22.00	1.00	-0.50	0.00	0.00
21.60	22.60	22.20	22.40	22.00	1.20	0.00	0.01	0.00
21.70	22.70	22.20	22.30	21.90	0.90	-0.20	6.53	0.00
21.80	22.70	22.20	22.30	21.90	1.20	0.00	6.07	0.00
21.90	22.60	22.30	22.30	22.10	0.90	0.30	6.04	0.00
22.00	22.70	22.20	22.30	22.00	0.60	0.30	6.76	0.00
22.10	22.70	22.20	22.30	22.00	0.60	0.30	8.45	0.00
22.20	22.90	22.20	22.40	22.10	1.30	0.00	9.71	0.00
22.30	22.90	22.20	22.40	22.10	1.20	0.10	12.23	0.00
22.40	22.80	22.30	22.40	22.00	1.30	0.30	14.41	0.00
22.50	22.80	22.30	22.40	22.00	0.10	0.30	15.65	0.00
22.60	22.90	22.30	22.30	21.90	1.50	0.00	16.01	0.00
22.70	22.90	22.20	22.40	21.90	1.30	-0.20	16.06	0.00
22.80	22.90	22.20	22.40	21.90	1.20	-0.30	16.06	0.00
22.90	23.00	22.10	22.30	22.00	0.70	-0.20	16.05	0.00
23.00	23.10	22.20	22.40	22.00	1.30	0.00	16.05	0.00
23.10	23.10	22.20	22.40	22.00	1.30	0.00	17.49	0.00
23.20	23.10	22.20	22.40	22.00	1.50	0.10	19.41	0.00
23.30	23.30	22.40	22.40	22.10	1.60	0.00	23.09	0.00
23.40	23.30	22.40	22.40	22.10	2.00	0.10	25.32	0.00
23.50	23.40	22.20	22.40	22.00	2.00	-0.30	26.59	0.00
23.60	23.60	22.20	22.50	22.10	2.00	0.00	26.93	0.00
23.70	23.60	22.20	22.50	22.10	2.10	0.10	26.98	0.00
23.80	23.70	22.30	22.40	22.00	2.10	0.10	27.00	0.00
23.90	23.70	22.20	22.30	21.90	2.10	0.10	27.00	0.00
24.00	23.70	22.20	22.30	21.90	2.10	0.10	28.52	0.00
24.10	23.90	22.20	22.30	22.00	2.40	0.10	34.26	0.00
24.20	23.90	22.20	22.30	22.00	2.30	0.30	37.98	0.00
24.30	24.00	22.30	22.40	21.90	2.40	0.00	41.93	0.00
24.40	24.10	22.30	22.30	22.10	2.90	-0.30	44.31	0.00
24.50	24.50	22.20	22.30	21.90	3.00	-0.30	45.59	0.00
24.60	24.50	22.20	22.30	21.90	2.40	-0.20	45.89	0.00
24.70	24.50	22.30	22.40	22.00	3.20	0.40	45.97	0.00
24.80	24.50	22.30	22.40	22.00	3.80	0.00	45.98	0.00
24.90	24.70	22.20	22.40	22.00	3.80	0.00	45.99	0.00
25.00	24.90	22.30	22.30	22.00	3.30	0.00	46.00	0.00
25.10	24.90	22.30	22.30	22.00	3.50	1.70	47.58	0.00
25.20	25.10	22.30	22.30	22.00	3.80	0.00	48.67	0.00
25.30	25.30	22.10	22.30	22.00	3.80	0.30	49.69	0.00
25.40	25.30	22.10	22.30	22.00	4.30	1.50	49.93	0.00
25.50	25.50	22.10	22.20	21.90	4.60	0.10	49.98	0.00
25.60	25.50	22.10	22.20	21.90	4.70	0.10	49.97	0.00
25.70	25.70	22.30	22.50	22.10	5.20	0.00	49.99	0.00
25.80	25.80	22.20	22.40	22.00	4.40	-0.20	49.99	0.00
25.90	25.80	22.20	22.40	22.00	4.40	-0.20	50.00	0.00
26.00	25.90	22.20	22.10	22.00	5.00	0.30	49.99	0.00
26.10	26.30	22.40	22.40	22.10	5.20	-0.20	49.99	0.00
26.20	26.30	22.40	22.40	22.10	5.20	0.10	49.99	0.00
26.30	26.30	22.30	22.40	22.00	5.20	0.60	50.00	0.00
26.40	26.30	22.30	22.40	22.00	5.70	0.00	50.00	0.00
26.50	26.30	22.30	22.40	22.00	6.10	-0.70	50.00	0.00
26.60	26.50	22.30	22.40	22.10	6.00	0.00	49.99	0.00
26.70	26.50	22.20	22.30	22.00	6.00	0.00	49.99	0.00
26.80	26.50	22.20	22.30	22.00	6.00	0.00	50.00	0.00
26.90	26.80	22.30	22.50	22.10	6.30	0.40	49.99	0.00
27.00	26.60	22.10	22.30	21.90	6.30	0.60	50.00	0.00
27.10	26.60	22.10	22.30	21.90	7.30	0.10	50.00	0.00
27.20	26.80	22.20	22.30	21.90	5.70	-0.20	50.00	0.00
27.30	26.80	22.30	22.50	22.00	6.90	-0.20	49.99	0.00
27.40	26.80	22.30	22.50	22.00	6.60	0.10	49.99	0.00
27.50	27.10	22.30	22.40	21.90	7.20	0.10	50.00	0.00
27.60	27.10	22.30	22.40	22.00	7.30	0.00	50.00	0.00
27.70	27.10	22.30	22.40	22.00	7.30	0.00	50.00	0.00
27.80	27.10	22.30	22.40	22.10	7.30	-0.30	50.00	0.00
27.90	27.10	22.30	22.40	22.10	7.20	0.10	50.00	0.00
28.00	27.10	22.20	22.30	22.00	7.80	0.40	49.99	0.00
28.10	27.10	22.40	22.30	22.00	8.00	-0.20	49.99	0.00
28.20	27.10	22.40	22.30	22.00	8.00	0.00	50.00	0.00
28.30	27.10	22.30	22.40	22.00	8.10	0.10	49.98	0.00
28.40	27.30	22.20	22.30	22.00	8.40	-0.80	49.99	0.00
28.50	27.30	22.20	22.30	22.00	8.30	0.30	50.00	0.00
28.60	27.30	22.20	22.30	21.90	8.40	-0.20	49.98	0.00
28.70	27.30	22.30	22.40	22.10	8.40	-0.20	49.99	0.00
28.80	27.30	22.30	22.40	22.10	8.70	-0.70	49.99	0.00
28.90	27.30	22.20	22.40	21.90	8.70	0.30	49.99	0.00
29.00	27.30	22.30	22.30	21.90	9.00	0.10	49.99	0.00
29.10	27.30	22.30	22.30	21.90	8.70	0.00	50.00	0.00
29.20	27.40	22.30	22.40	22.00	9.30	0.10	50.00	0.00
29.30	27.40	22.30	22.30	22.10	9.30	0.10	49.99	0.00
29.40	27.40	22.30	22.30	22.10	9.20	0.10	50.00	0.00
29.50	27.40	22.20	22.40	22.10	9.80	0.00	50.00	0.00
29.60	27.40	22.20	22.40	22.10	9.80	0.00	50.00	0.00
29.70	27.50	22.30	22.40	22.00	9.70	0.10	50.01	0.00
29.80	27.50	22.40	22.30	22.00	10.10	0.00	50.00	0.00
29.90	27.50	22.40	22.30	22.00	10.40	0.10	50.00	0.00
30.00	27.50	22.30	22.30	22.00	10.30	-0.30	50.00	0.00
30.10	27.40	22.30	22.40	22.00	10.10	0.00	50.03	0.00
30.20	27.40	22.30	22.40	22.00	10.70	0.00	49.99	0.00
30.30	27.50	22.20	22.30	22.00	11.00	0.10	50.00	0.00
30.40	27.60	22.30	22.40	22.10	11.00	0.10	49.99	0.00
30.50	27.60	22.30	22.40	22.10	11.00	0.10	49.98	0.00
30.60	27.60	22.20	22.30	21.90	11.50	0.00	50.02	0.00
30.70	27.70	22.20	22.40	22.00	11.80	0.00	50.01	0.00
30.80	27.70	22.20	22.40	22.00	11.20	0.30	50.01	0.00
30.90	27.50	22.10	22.30	22.00	11.70	0.40	50.02	0.00
31.00	27.50	22.20	22.30	22.00	11.80	0.10	50.02	0.00
31.10	27.50	22.20	22.30	22.00	12.00	0.00	50.03	0.00
31.20	27.80	22.30	22.40	22.00	12.40	0.10	50.02	0.00
31.30	27.70	22.30	22.40	22.10	12.10	-0.20	50.02	0.00
31.40	27.70	22.30	22.40	22.10	12.10	-0.20	50.02	0.00
31.50	27.60	22.20	22.40	22.00	12.40	0.00	50.02	0.00
31.60	27.70	22.20	22.30	22.00	12.40	0.10	50.02	0.00
31.70	27.70	22.20	22.30	22.00	12.60	0.00	50.03	0.00
31.80	27.70	22.30	22.40	22.00	13.00	-0.50	50.02	0.00
31.90	27.60	22.30	22.30	22.00	13.20	0.10	50.02	0.00
32.00	27.60	22.30	22.30	22.00	12.90	0.10	50.03	0.00
32.10	27.70	22.20	22.40	22.00	13.00	0.00	50.01	0.00
32.20	27.70	22.20	22.40	22.00	13.50	0.40	50.02	0.00
32.30	27.60	22.20	22.30	22.00	13.50	0.40	50.02	0.00
32.40	27.70	22.20	22.30	22.00	13.80	-1.10	50.02	0.00
32.50	27.70	22.20	22.30	22.00	14.00	0.10	50.02	0.00
32.60	27.60	22.20	22.20	21.90	14.00	0.00	50.01	0.00
32.70	27.70	22.30	22.30	22.10	14.30	0.10	50.02	0.00
32.80	27.70	22.30	22.30	22.10	14.30	0.10	50.02	0.00
32.90	27.80	22.30	22.40	22.10	13.80	0.00	50.02	0.00
33.00	27.60	22.20	22.30	21.90	14.90	-0.20	50.02	0.00
33.10	27.60	22.20	22.30	21.90	14.70	-0.20	50.02	0.00
33.20	27.60	22.20	22.40	21.80	14.70	-0.20	50.03	0.00
33.30	27.60	22.20	22.40	21.90	14.60	0.00	50.02	0.00
33.40	27.70	22.30	22.30	21.90	15.00	-0.80	50.02	0.00
33.50	27.70	22.30	22.30	21.90	15.00	0.00	50.02	0.00
33.60	27.80	22.30	22.30	21.90	15.20	-0.20	50.02	0.00
33.70	27.80	22.30	22.40	22.00	15.50	0.30	50.02	0.00
33.80	27.80	22.30	22.40	22.00	15.50	0.00	50.02	0.00
33.90	27.80	22.20	22.40	22.10	15.30	0.30	50.02	0.00
34.00	27.80	22.20	22.40	22.10	15.50	0.10	50.02	0.00
34.10	27.60	22.10	22.30	21.80	16.00	0.10	50.02	0.00
34.20	27.70	22.20	22.30	21.90	16.00	-0.20	50.03	0.00
34.30	27.70	22.20	22.30	21.90	15.80	0.00	50.01	0.00
34.40	27.70	22.20	22.30	22.00	15.80	0.00	50.01	0.00
34.50	27.90	22.30	22.50	22.00	17.40	0.00	50.02	0.00
34.60	27.90	22.30	22.50	22.00	16.60	0.10	50.01	0.00
34.70	27.80	22.20	22.30	22.00	16.90	-0.20	50.02	0.00
34.80	27.90	22.30	22.30	22.10	17.00	0.10	50.01	0.00
34.90	27.90	22.30	22.30	22.10	17.00	0.30	50.03	0.00
35.00	27.80	22.30	22.30	22.00	17.00	0.30	50.02	0.00
35.10	27.80	22.30	22.40	22.00	17.00	0.00	50.02	0.00
35.20	27.80	22.30	22.40	22.00	17.50	0.00	50.02	0.00
35.30	27.80	22.20	22.40	22.00	18.00	0.30	50.01	0.00
35.40	28.00	22.20	22.30	21.90	18.00	0.10	50.02	0.00
35.50	28.00	22.20	22.30	21.90	17.80	-0.30	50.02	0.00
35.60	27.80	22.20	22.30	22.00	17.80	0.00	50.02	0.00
35.70	28.00	22.30	22.40	22.00	18.10	0.10	50.02	0.00
35.80	28.00	22.30	22.40	22.00	18.30	-0.70	50.01	0.00
35.90	27.90	22.20	22.40	21.90	18.30	-0.70	50.01	0.00
36.00	27.80	22.20	22.40	21.90	18.60	-0.80	50.02	0.00
36.10	27.80	22.20	22.40	21.90	18.70	0.30	50.03	0.00
36.20	27.90	22.20	22.40	22.00	19.20	0.10	50.02	0.00
36.30	27.80	22.10	22.30	21.90	19.40	0.00	50.03	0.00
36.40	27.80	22.10	22.30	21.90	19.20	0.30	50.02	0.00
36.50	27.80	22.20	22.30	22.10	19.40	0.40	50.02	0.00
36.60	27.80	22.30	22.30	22.10	19.20	-1.00	50.02	0.00
36.70	27.80	22.30	22.30	22.10	19.70	0.00	50.02	0.00
36.80	27.90	22.20	22.40	22.00	19.70	0.00	50.02	0.00
36.90	27.90	22.20	22.40	22.00	19.80	0.10	50.02	0.00
37.00	27.90	22.20	22.40	22.00	19.80	-0.30	50.02	0.00
37.10	27.80	22.10	22.20	22.00	19.80	0.00	50.02	0.00
37.20	28.00	22.40	22.50	22.00	19.80	0.10	50.02	0.00
37.30	28.00	22.40	22.50	22.00	20.10	-0.20	50.02	0.00
37.40	28.10	22.30	22.50	22.10	20.30	0.10	50.02	0.00
37.50	27.80	22.10	22.20	21.90	20.60	0.10	50.03	0.00
37.60	27.80	22.10	22.20	21.90	20.40	0.00	50.02	0.00
37.70	27.90	22.20	22.40	22.00	20.70	0.00	50.03	0.00
37.80	27.90	22.20	22.30	21.80	20.40	-0.30	50.03	0.00
37.90	27.90	22.20	22.30	21.80	21.80	0.10	50.03	0.00
38.00	28.00	22.30	22.30	21.90	21.20	0.10	50.02	0.00
38.10	28.00	22.30	22.30	21.90	21.20	0.10	50.02	0.00
38.20	28.00	22.20	22.30	21.90	21.50	0.00	50.01	0.00
38.30	28.00	22.30	22.50	22.10	21.80	-0.20	50.03	0.00
38.40	28.00	22.30	22.50	22.10	21.80	0.10	50.03	0.00
38.50	28.00	22.20	22.40	22.00	22.10	0.30	50.02	0.00
38.60	27.90	22.30	22.50	22.00	22.10	0.00	50.03	0.00
38.70	27.90	22.30	22.50	22.00	22.10	0.00	50.03	0.00
38.80	28.00	22.40	22.40	22.10	22.60	-0.20	50.03	0.00
38.90	27.90	22.30	22.30	21.90	22.30	0.10	50.03	0.00
39.00	27.90	22.30	22.30	21.90	22.60	0.00	50.03	0.00
39.10	28.00	22.20	22.40	22.00	22.70	-0.20	50.03	0.00
39.20	28.00	22.30	22.30	22.00	22.70	0.10	50.02	0.00
39.30	28.00	22.30	22.30	22.00	22.90	-0.80	50.03	0.00
39.40	27.90	22.20	22.40	22.00	23.20	0.00	50.03	0.00
39.50	28.00	22.20	22.40	22.00	23.40	0.00	50.02	0.00
39.60	28.00	22.20	22.40	22.00	23.40	0.00	50.03	0.00
39.70	27.90	22.10	22.30	21.90	23.50	0.10	50.03	0.00
39.80	28.10	22.30	22.40	22.00	23.70	-0.20	50.01	0.00
39.90	28.10	22.30	22.40	22.00	23.80	-1.00	50.03	0.00
40.00	27.90	22.20	22.40	22.00	23.80	0.30	50.03	0.00
40.10	27.90	22.20	22.40	22.00	23.50	0.10	50.03	0.00
40.20	28.00	22.30	22.40	22.10	24.10	0.10	50.02	0.00
40.30	28.00	22.20	22.30	21.90	24.40	0.00	50.03	0.00
40.40	28.00	22.20	22.30	21.90	24.40	0.30	50.03	0.00
40.50	28.00	22.10	22.40	22.10	24.40	0.30	50.03	0.00
40.60	28.00	22.30	22.40	22.00	24.70	0.00	50.02	0.00
40.70	28.00	22.30	22.40	22.00	24.90	-0.20	50.03	0.00
40.80	27.90	22.10	22.30	22.00	25.00	0.10	50.03	0.00
40.90	27.90	22.30	22.40	21.90	24.90	0.10	50.03	0.00
41.00	27.90	22.30	22.40	21.90	25.00	0.10	50.03	0.00
41.10	28.00	22.20	22.40	22.10	24.60	0.00	50.04	0.00
41.20	28.10	22.30	22.40	22.10	26.00	-0.20	50.03	0.00
41.30	28.10	22.30	22.40	22.10	25.70	0.10	50.03	0.00
41.40	27.90	22.10	22.20	21.80	25.70	-0.20	50.03	0.00
41.50	28.00	22.30	22.40	22.00	26.00	0.30	50.03	0.00
41.60	28.00	22.30	22.40	22.00	26.30	0.00	50.03	0.00
41.70	28.00	22.30	22.40	21.90	26.30	0.10	50.03	0.00
41.80	28.00	22.30	22.40	21.90	26.00	-0.20	50.04	0.00
41.90	28.00	22.20	22.40	22.00	26.60	0.10	50.03	0.00
42.00	27.90	22.30	22.40	22.00	26.60	0.00	50.03	0.00
42.10	27.90	22.30	22.40	22.00	26.90	0.00	50.02	0.00
42.20	28.00	22.30	22.40	22.00	26.40	0.10	50.03	0.00
42.30	28.10	22.20	22.40	22.00	26.60	0.00	50.02	0.00
42.40	28.10	22.20	22.40	22.00	26.60	0.00	50.02	0.00
42.50	28.10	22.30	22.50	22.00	27.20	0.10	50.03	0.00
42.60	28.00	22.20	22.40	21.90	27.70	-0.50	50.02	0.00
42.70	28.00	22.20	22.40	21.90	27.50	-0.20	50.01	0.00
42.80	28.10	22.20	22.40	21.90	27.70	0.10	50.02	0.00
42.90	28.00	22.10	22.30	21.90	27.80	0.10	50.02	0.00
43.00	28.00	22.10	22.30	21.90	27.70	0.10	50.02	0.00
43.10	28.10	22.30	22.40	22.00	26.70	0.10	50.02	0.00
43.20	28.00	22.20	22.30	22.00	28.00	0.00	50.02	0.00
43.30	28.00	22.20	22.30	22.00	28.00	0.00	50.03	0.00
43.40	28.00	22.30	22.40	21.90	28.00	0.10	50.01	0.00
43.50	28.00	22.30	22.40	21.90	28.70	0.00	50.03	0.00
43.60	28.00	22.10	22.30	21.90	28.10	0.30	50.02	0.00
43.70	28.10	22.30	22.40	22.00	28.70	0.10	50.03	0.00
43.80	28.10	22.30	22.40	22.00	28.70	0.10	50.03	0.00
43.90	28.00	22.10	22.20	22.00	29.00	0.00	50.02	0.00
44.00	28.00	22.10	22.20	22.00	29.00	0.00	50.02	0.00
44.10	28.00	22.20	22.30	22.00	29.40	0.10	50.03	0.00
44.20	28.10	22.30	22.40	22.00	28.90	0.00	50.03	0.00
44.30	28.10	22.30	22.40	22.00	29.50	0.10	50.03	0.00
44.40	28.00	22.20	22.30	22.00	30.00	0.40	50.03	0.00
44.50	27.90	22.20	22.30	21.90	29.70	0.40	50.03	0.00
44.60	27.90	22.20	22.30	21.90	29.80	-0.50	50.03	0.00
44.70	28.00	22.20	22.30	22.00	30.10	0.00	50.02	0.00
44.80	28.00	22.30	22.40	22.00	30.10	0.00	50.03	0.00
44.90	28.00	22.30	22.40	22.00	29.50	0.00	50.02	0.00
45.00	28.00	22.20	22.50	22.00	30.70	0.10	50.02	0.00
45.10	28.00	22.20	22.50	22.00	30.70	0.10	50.02	0.00
45.20	28.10	22.20	22.50	22.00	31.40	0.00	50.02	0.00
45.30	28.00	22.30	22.40	22.00	31.10	-0.20	50.02	0.00
45.40	28.00	22.30	22.40	22.00	31.20	0.00	50.02	0.00
45.50	28.10	22.30	22.50	22.10	31.40	0.30	50.03	0.00
45.60	27.80	22.10	22.30	21.80	31.80	0.30	50.03	0.00
45.70	27.80	22.10	22.30	21.80	31.70	0.00	50.03	0.00
45.80	28.10	22.30	22.40	22.00	31.80	0.00	50.03	0.00
45.90	28.10	22.20	22.40	22.00	31.80	-0.30	50.02	0.00
46.00	28.10	22.20	22.40	22.00	31.80	0.10	50.02	0.00
46.10	28.00	22.20	22.50	22.10	31.80	0.10	50.04	0.00
46.20	28.00	22.20	22.50	22.10	33.50	0.10	50.02	0.00
46.30	28.10	22.30	22.40	22.10	32.30	0.10	50.02	0.00
46.40	28.10	22.20	22.40	21.90	31.80	0.10	50.04	0.00
46.50	28.10	22.20	22.40	21.90	32.90	-0.20	50.02	0.00
46.60	27.90	22.30	22.40	21.90	32.60	0.10	50.03	0.00
46.70	27.90	22.20	22.30	21.90	32.90	0.30	50.03	0.00
46.80	27.90	22.20	22.30	21.90	32.90	-0.70	50.03	0.00
46.90	28.00	22.20	22.30	21.90	33.20	-0.30	50.02	0.00
47.00	28.10	22.30	22.40	21.90	33.20	-0.30	50.03	0.00
47.10	28.10	22.30	22.40	21.90	33.70	0.70	50.03	0.00
47.20	28.00	22.20	22.40	21.90	33.70	0.30	50.04	0.00
47.30	28.20	22.30	22.60	22.10	33.80	0.00	50.03	0.00
47.40	28.20	22.30	22.60	22.10	33.80	0.00	50.04	0.00
47.50	28.10	22.10	22.40	22.00	35.20	0.10	50.03	0.00
47.60	28.10	22.10	22.40	22.00	33.80	0.10	50.04	0.00
47.70	28.10	22.10	22.40	22.00	34.30	0.10	50.04	0.00
47.80	28.00	22.20	22.30	22.00	34.60	0.10	50.03	0.00
47.90	28.00	22.20	22.30	22.00	34.40	0.00	50.04	0.00
48.00	27.90	22.20	22.40	21.90	34.70	-0.20	50.03	0.00
48.10	28.10	22.20	22.40	22.00	34.70	0.10	50.03	0.00
48.20	28.10	22.20	22.40	22.00	34.90	0.00	50.03	0.00
48.30	28.00	22.10	22.30	22.00	35.10	-0.20	50.04	0.00
48.40	28.10	22.30	22.40	22.00	34.90	0.10	50.02	0.00
48.50	28.10	22.30	22.40	22.00	35.40	0.30	50.03	0.00
48.60	28.00	22.20	22.40	21.90	35.50	-0.20	50.02	0.00
48.70	28.00	22.20	22.40	21.90	35.50	-0.20	50.03	0.00
48.80	28.10	22.20	22.50	22.10	35.50	0.30	50.02	0.00
48.90	28.00	22.30	22.50	22.00	35.50	0.30	50.03	0.00
49.00	28.00	22.30	22.50	22.00	36.00	0.00	50.03	0.00
49.10	28.00	22.20	22.50	22.00	36.10	0.10	50.03	0.00
49.20	28.10	22.20	22.40	22.10	36.40	0.00	50.03	0.00
49.30	28.10	22.20	22.40	22.10	36.10	0.00	50.02	0.00
49.40	28.10	22.40	22.40	22.00	36.60	0.40	50.03	0.00
49.50	28.10	22.20	22.40	21.90	36.70	0.10	50.02	0.00
49.60	28.10	22.20	22.40	21.90	36.60	0.00	50.03	0.00
49.70	27.90	22.20	22.40	22.00	36.90	-0.30	50.03	0.00
49.80	28.00	22.10	22.30	21.90	36.10	0.00	50.04	0.00
49.90	28.00	22.10	22.30	21.90	36.10	0.00	50.02	0.00
50.00	28.00	22.30	22.40	22.10	37.20	0.00	50.03	0.00
50.10	28.10	22.30	22.50	22.00	37.50	-0.70	50.02	0.00
50.20	28.10	22.30	22.50	22.00	37.80	0.40	50.03	0.00
50.30	28.10	22.30	22.30	22.00	37.70	0.40	50.04	0.00
50.40	28.10	22.30	22.50	22.10	38.00	0.10	50.03	0.00
50.50	28.10	22.30	22.50	22.10	37.80	0.00	50.03	0.00
50.60	28.00	22.30	22.40	22.00	38.40	0.10	50.03	0.00
50.70	28.10	22.20	22.50	22.00	38.10	-0.30	50.04	0.00
50.80	28.10	22.20	22.50	22.00	38.10	-0.30	50.04	0.00
50.90	27.90	22.10	22.40	22.00	38.90	0.10	50.03	0.00
51.00	27.90	22.10	22.40	22.00	38.40	0.00	50.03	0.00
51.10	28.00	22.20	22.40	21.90	38.70	0.10	50.03	0.00
51.20	28.00	22.20	22.40	21.90	38.90	0.30	50.02	0.00
51.30	28.00	22.30	22.40	22.00	38.70	0.00	50.03	0.00
51.40	28.00	22.20	22.30	22.10	39.20	0.00	50.03	0.00
51.50	28.00	22.20	22.30	22.10	39.50	0.00	50.03	0.00
51.60	28.00	22.20	22.40	21.80	39.40	0.30	50.03	0.00
51.70	28.00	22.10	22.30	22.00	39.70	0.10	50.03	0.00
51.80	28.00	22.10	22.30	22.00	39.70	0.10	50.03	0.00
51.90	28.00	22.20	22.60	22.00	39.80	0.00	50.03	0.00
52.00	28.00	22.20	22.50	22.00	39.70	0.00	50.02	0.00
52.10	28.00	22.20	22.50	22.00	40.00	0.10	50.02	0.00
52.20	28.00	22.30	22.50	22.10	40.10	0.10	50.15	0.00
52.30	27.80	22.30	22.50	22.00	40.00	0.00	51.25	0.00
52.40	27.80	22.30	22.50	22.00	40.00	-0.20	51.36	0.00
52.50	27.80	22.20	22.30	22.00	40.00	0.00	51.30	0.00
52.60	27.70	22.20	22.40	22.10	39.70	0.10	50.87	0.00
52.70	27.70	22.20	22.40	22.10	39.70	0.10	50.01	0.00
52.80	27.60	22.20	22.20	21.90	39.20	0.00	47.98	0.00
52.90	27.50	22.30	22.50	22.10	40.90	0.10	39.92	0.00
53.00	27.50	22.30	22.50	22.10	39.80	-0.70	21.73	0.00
53.10	27.30	22.30	22.40	21.80	39.80	0.00	14.26	0.00
53.20	27.20	22.20	22.30	22.00	39.80	0.30	11.00	0.00
53.30	27.20	22.20	22.30	22.00	39.80	0.30	8.89	0.00
53.40	27.00	22.30	22.40	22.10	39.10	0.00	7.15	0.00
53.50	26.80	22.10	22.40	22.00	40.00	0.00	5.84	0.00
53.60	26.80	22.10	22.40	22.00	40.00	0.00	4.86	0.00
53.70	26.80	22.30	22.40	22.10	39.50	0.00	4.10	0.00
53.80	26.70	22.30	22.40	21.90	39.70	0.10	3.51	0.00
53.90	26.70	22.30	22.40	21.90	39.80	0.10	3.03	0.00
54.00	26.50	22.20	22.40	22.00	39.70	-0.30	2.65	0.00
54.10	26.30	22.30	22.30	22.00	39.50	0.10	2.33	0.00
54.20	26.30	22.30	22.30	22.00	39.70	0.10	2.06	0.00
54.30	26.30	22.40	22.40	22.00	39.70	-0.30	1.82	0.00
54.40	26.30	22.20	22.40	22.00	40.00	0.10	1.60	0.00
54.50	26.30	22.20	22.40	22.00	40.00	0.10	1.42	0.00
54.60	26.10	22.20	22.30	22.00	39.50	0.10	1.26	0.00
54.70	26.10	22.20	22.30	22.00	39.50	0.00	1.11	0.00
54.80	26.00	22.30	22.40	21.90	39.70	0.10	0.98	0.00
54.90	26.00	22.30	22.40	21.90	39.50	0.10	0.86	0.00
55.00	25.90	22.20	22.40	21.90	39.80	0.00	0.76	0.00
55.10	25.80	22.30	22.50	21.90	39.50	-0.20	0.67	0.00
55.20	25.80	22.30	22.50	21.90	39.50	0.00	0.59	0.00
55.30	25.80	22.30	22.40	22.00	39.40	0.00	0.52	0.00
55.40	25.70	22.30	22.40	22.20	39.50	0.10	0.46	0.00
55.50	25.70	22.30	22.40	22.20	39.50	0.10	0.41	0.00
55.60	25.40	22.30	22.40	21.90	39.70	0.10	0.36	0.00
55.70	25.50	22.10	22.40	21.90	39.70	0.00	0.32	0.00
55.80	25.50	22.10	22.40	21.90	39.40	0.10	0.28	0.00
55.90	25.60	22.20	22.40	21.90	39.70	-0.30	0.24	0.00
56.00	25.30	22.10	22.50	22.00	39.40	-0.20	0.21	0.00
56.10	25.30	22.10	22.50	22.00	39.80	0.10	0.18	0.00
56.20	25.40	22.20	22.40	22.00	39.50	0.10	0.16	0.00
56.30	25.30	22.10	22.40	22.10	39.70	0.10	0.14	0.00
56.40	25.30	22.10	22.40	22.10	39.70	0.10	0.12	0.00
56.50	25.30	22.10	22.30	22.00	39.50	-0.20	0.10	0.00
56.60	25.40	22.30	22.50	22.10	39.20	0.00	0.09	0.00
56.70	25.40	22.30	22.50	22.10	39.50	0.10	0.07	0.00
56.80	25.20	22.20	22.40	21.90	40.00	0.00	0.06	0.00
56.90	25.30	22.20	22.40	21.90	39.50	0.10	0.05	0.00
57.00	25.30	22.20	22.40	21.90	39.20	0.30	0.04	0.00
57.10	25.30	22.20	22.40	21.90	39.50	0.40	0.02	0.00
57.20	25.30	22.20	22.40	21.90	39.50	-0.30	0.02	0.00
57.30	25.10	22.20	22.40	22.00	39.50	-0.30	0.01	0.00
57.40	25.20	22.20	22.40	22.10	39.40	0.30	0.00	0.00
57.50	25.20	22.20	22.40	22.10	39.70	0.00	0.00	0.00
57.60	25.10	22.20	22.40	22.00	39.40	0.10	-0.01	0.00
57.70	25.10	22.30	22.50	22.10	39.40	0.00	-0.01	0.00
57.80	25.10	22.30	22.50	22.10	39.20	0.00	-0.02	0.00
57.90	25.00	22.30	22.40	22.00	39.50	-0.20	-0.02	0.00
58.00	25.00	22.30	22.40	21.90	39.50	0.10	-0.02	0.00
58.10	25.00	22.30	22.40	21.90	39.40	0.00	-0.03	0.00
58.20	25.00	22.30	22.50	22.10	39.70	-0.20	-0.03	0.00
58.30	25.00	22.30	22.40	22.00	39.70	-0.20	-0.04	0.00
58.40	25.00	22.30	22.40	22.00	39.50	0.00	-0.04	0.00
58.50	24.90	22.20	22.30	21.90	39.40	0.00	-0.05	0.00
58.60	24.90	22.30	22.50	22.00	39.50	-0.20	-0.05	0.00
58.70	24.90	22.30	22.50	22.00	39.40	-0.20	-0.05	0.00
58.80	24.90	22.30	22.50	22.00	39.40	0.00	-0.05	0.00
58.90	24.80	22.10	22.40	21.90	39.70	0.00	-0.06	0.00
59.00	24.80	22.10	22.40	21.90	39.40	-0.20	-0.06	0.00
59.10	24.90	22.10	22.40	22.00	39.40	0.00	-0.06	0.00
59.20	24.90	22.10	22.40	22.00	39.40	0.00	-0.06	0.00
59.30	24.90	22.20	22.30	21.90	39.40	0.10	-0.06	0.00
59.40	24.90	22.10	22.30	22.00	39.70	0.30	-0.07	0.00
59.50	24.90	22.10	22.30	22.00	39.40	0.00	-0.07	0.00
59.60	24.90	22.30	22.40	22.10	40.00	0.00	-0.07	0.00
59.70	24.80	22.10	22.40	22.00	39.50	-0.50	-0.07	0.00
59.80	24.80	22.10	22.40	22.00	39.40	0.00	-0.07	0.00
59.90	24.80	22.20	22.50	21.90	39.40	0.00	-0.07	0.00
60.00	24.90	22.30	22.40	22.00	39.40	0.10	-0.07	0.00
60.10	24.90	22.30	22.40	22.00	39.40	0.10	-0.07	0.00
60.20	24.80	22.30	22.50	22.00	39.80	0.00	-0.07	0.00
60.30	24.80	22.10	22.40	21.90	39.70	0.40	-0.07	0.00
60.40	24.80	22.10	22.40	21.90	39.20	0.00	-0.07	0.00
60.50	24.70	22.20	22.40	22.00	38.40	0.10	-0.07	0.00
60.60	24.70	22.20	22.40	22.00	39.20	0.10	-0.07	0.00
60.70	24.60	22.20	22.40	22.00	39.50	0.10	-0.07	0.00
60.80	24.80	22.30	22.40	22.10	39.10	-0.30	-0.07	0.00
60.90	24.60	22.20	22.50	22.00	38.90	0.30	-0.07	0.00
61.00	24.60	22.20	22.50	22.00	38.90	0.30	-0.07	0.00
61.10	24.80	22.30	22.50	22.00	39.20	-0.20	-0.07	0.00
61.20	24.80	22.30	22.50	22.00	39.20	0.10	-0.07	0.00
61.30	24.60	22.30	22.50	22.10	39.70	0.30	-0.07	0.00
61.40	24.70	22.30	22.40	22.10	39.40	0.10	-0.07	0.00
61.50	24.70	22.20	22.50	22.10	38.40	0.00	-0.06	0.00
61.60	24.70	22.20	22.50	22.10	39.50	0.00	-0.07	0.00
61.70	24.60	22.20	22.40	21.90	39.40	0.00	-0.06	0.00
61.80	24.60	22.20	22.40	21.90	39.20	-0.20	-0.07	0.00
61.90	24.70	22.30	22.50	22.10	39.50	0.30	-0.08	0.00
62.00	24.60	22.20	22.30	21.90	39.50	0.30	-0.08	0.00
62.10	24.60	22.20	22.30	21.90	39.70	-0.20	-0.07	0.00
62.20	24.60	22.30	22.50	22.00	39.50	0.00	-0.07	0.00
62.30	24.50	22.20	22.40	22.20	39.40	0.00	-0.07	0.00
62.40	24.50	22.20	22.40	22.20	39.20	0.10	-0.07	0.00
62.50	24.50	22.10	22.40	22.00	39.20	0.10	-0.07	0.00
62.60	24.50	22.10	22.40	22.00	39.10	0.00	-0.07	0.00
62.70	24.50	22.20	22.40	22.00	39.20	0.10	-0.07	0.00
62.80	24.60	22.30	22.40	22.00	39.40	0.00	-0.07	0.00
62.90	24.60	22.30	22.40	22.00	39.40	0.00	-0.07	0.00
63.00	24.50	22.20	22.30	21.90	39.40	0.00	-0.07	0.00
63.10	24.40	22.30	22.40	22.00	39.50	0.60	-0.07	0.00
63.20	24.40	22.30	22.40	22.00	39.40	0.10	-0.07	0.00
63.30	24.50	22.20	22.50	22.10	39.40	0.00	-0.07	0.00
63.40	24.50	22.20	22.40	21.90	39.40	0.00	-0.06	0.00
63.50	24.50	22.20	22.40	21.90	39.40	0.60	-0.06	0.00
63.60	24.50	22.10	22.30	22.00	39.10	0.10	-0.06	0.00
63.70	24.40	22.20	22.40	22.00	39.50	0.10	-0.06	0.00
63.80	24.40	22.20	22.40	22.00	39.20	0.00	-0.06	0.00
63.90	24.40	22.10	22.40	22.00	39.20	0.00	-0.06	0.00
64.00	24.50	22.20	22.30	22.00	39.20	0.10	-0.06	0.00
64.10	24.50	22.20	22.30	22.00	39.40	1.50	-0.06	0.00
64.20	24.30	22.20	22.40	22.10	39.20	0.10	-0.05	0.00
64.30	24.40	22.20	22.40	21.90	39.40	0.00	-0.05	0.00
64.40	24.40	22.20	22.40	21.90	39.40	-0.20	-0.05	0.00
64.50	24.30	22.10	22.40	22.00	39.40	0.60	-0.05	0.00
64.60	24.30	22.20	22.40	22.00	39.40	0.10	-0.05	0.00
64.70	24.30	22.20	22.40	22.00	39.50	0.00	-0.05	0.00
64.80	24.30	22.20	22.40	22.00	39.50	0.00	-0.05	0.00
64.90	24.30	22.20	22.40	22.00	39.70	0.00	-0.05	0.00
65.00	24.30	22.10	22.40	21.90	39.40	-0.20	-0.04	0.00
65.10	24.30	22.10	22.30	22.00	39.50	-0.80	-0.04	0.00
65.20	24.30	22.10	22.30	22.00	39.40	0.10	-0.04	0.00
65.30	24.40	22.30	22.40	22.00	39.10	0.00	-0.04	0.00
65.40	24.20	22.10	22.30	22.00	39.50	0.10	-0.03	0.00
65.50	24.20	22.10	22.30	22.00	39.10	0.10	-0.03	0.00
65.60	24.30	22.20	22.40	21.90	39.50	0.00	-0.03	0.00
65.70	24.30	22.20	22.40	22.00	39.50	0.00	-0.03	0.00
65.80	24.30	22.20	22.40	22.00	39.70	0.10	-0.03	0.00
65.90	24.30	22.30	22.40	22.00	39.20	0.00	-0.03	0.00
66.00	24.30	22.20	22.40	21.90	39.40	0.10	-0.03	0.00
66.10	24.30	22.20	22.40	22.00	39.50	0.10	-0.02	0.00
66.20	24.30	22.20	22.40	22.00	39.10	0.00	-0.02	0.00
66.30	24.20	22.10	22.30	21.90	39.50	0.10	-0.02	0.00
66.40	24.30	22.30	22.40	22.00	39.20	-0.20	-0.02	0.00
66.50	24.30	22.30	22.40	22.00	39.50	0.00	-0.02	0.00
66.60	24.30	22.20	22.50	21.90	39.70	0.30	-0.02	0.00
66.70	24.20	22.10	22.30	22.10	39.70	0.10	-0.02	0.00
66.80	24.20	22.10	22.30	22.10	39.20	-0.20	-0.02	0.00
66.90	24.10	22.30	22.50	22.10	39.40	-0.20	-0.02	0.00
67.00	24.10	22.30	22.50	22.10	39.20	0.10	-0.02	0.00
67.10	24.20	22.00	22.30	21.90	39.50	-0.20	-0.01	0.00
67.20	24.20	22.20	22.40	22.10	39.50	0.00	-0.01	0.00
67.30	24.20	22.20	22.40	22.10	39.10	0.00	-0.01	0.00
67.40	24.30	22.30	22.60	22.10	39.50	0.40	-0.01	0.00
67.50	24.20	22.20	22.40	22.00	39.50	1.30	-0.01	0.00
67.60	24.20	22.20	22.40	22.00	39.50	1.30	0.00	0.00
67.70	24.20	22.20	22.40	22.00	39.40	0.00	0.00	0.00
67.80	24.20	22.20	22.40	22.00	39.40	-0.20	0.00	0.00
67.90	24.30	22.30	22.40	22.10	39.20	1.20	0.00	0.00
68.00	24.20	22.30	22.50	22.00	39.50	0.10	0.00	0.00
68.10	24.20	22.30	22.50	22.00	39.50	0.00	0.00	0.00
68.20	24.10	22.10	22.30	21.90	39.20	0.30	0.00	0.00
68.30	24.10	22.20	22.40	22.00	39.40	0.30	0.00	0.00
68.40	24.10	22.20	22.40	22.00	39.50	-0.70	0.00	0.00
68.50	24.20	22.30	22.50	22.00	39.50	-0.70	0.01	0.00
68.60	24.10	22.30	22.50	22.00	39.40	0.10	0.01	0.00
68.70	24.10	22.30	22.50	22.00	39.50	0.10	0.01	0.00
68.80	24.20	22.20	22.40	22.00	38.90	0.10	0.01	0.00
68.90	24.10	22.20	22.40	22.00	39.50	-0.20	0.01	0.00
69.00	24.10	22.20	22.40	22.00	39.50	0.30	0.01	0.00
69.10	24.10	22.20	22.40	21.90	39.40	0.00	0.01	0.00
69.20	24.10	22.20	22.40	21.90	39.10	-0.20	0.01	0.00
69.30	24.10	22.10	22.40	21.80	39.20	0.00	0.02	0.00
69.40	24.00	22.20	22.30	22.00	39.40	-0.20	0.02	0.00
69.50	24.00	22.20	22.30	22.00	39.10	1.00	0.02	0.00
69.60	24.20	22.30	22.50	21.90	39.50	0.40	0.02	0.00
69.70	24.10	22.30	22.40	22.10	39.20	-0.20	0.02	0.00
69.80	24.10	22.30	22.40	22.10	39.20	-1.30	0.02	0.00
69.90	24.10	22.20	22.50	22.10	39.20	0.00	0.02	0.00
70.00	24.10	22.20	22.30	22.10	39.40	0.10	0.02	0.00
70.10	24.10	22.20	22.30	22.10	39.20	0.10	0.02	0.00
70.20	24.10	22.20	22.40	22.00	39.20	0.10	0.02	0.00
70.30	24.10	22.10	22.30	22.00	39.40	0.00	0.02	0.00
70.40	24.10	22.10	22.30	22.00	39.40	0.00	0.02	0.00
70.50	24.10	22.30	22.50	22.00	39.10	0.10	0.02	0.00
70.60	23.90	22.30	22.40	22.00	39.50	0.30	0.02	0.00
70.70	23.90	22.30	22.40	22.00	39.20	-0.30	0.02	0.00
70.80	24.10	22.20	22.50	22.00	39.40	0.30	0.02	0.00
70.90	24.00	22.20	22.50	22.10	39.70	0.10	0.02	0.00
71.00	24.00	22.20	22.50	22.10	39.20	-0.20	0.02	0.00
71.10	24.00	22.10	22.40	22.00	39.50	0.00	0.02	0.00
71.20	24.00	22.10	22.40	22.00	39.10	0.10	0.00	0.00
71.30	23.90	22.30	22.50	22.00	39.10	0.10	0.00	0.00
71.40	24.00	22.30	22.50	22.00	39.20	0.10	0.00	0.00
71.50	24.00	22.30	22.50	22.00	39.50	1.30	0.00	0.00
71.60	23.80	22.10	22.30	22.10	39.10	0.10	0.00	0.00
71.70	23.90	22.20	22.40	22.00	39.70	0.10	0.00	0.00
71.80	23.90	22.20	22.40	22.00	39.40	-0.30	0.00	0.00
71.90	24.00	22.10	22.40	21.90	39.70	0.10	0.01	0.00
72.00	23.90	22.20	22.40	21.90	39.40	0.00	0.01	0.00
72.10	23.90	22.20	22.40	21.90	39.20	0.00	0.01	0.00
72.20	24.00	22.20	22.40	22.00	39.20	0.00	0.01	0.00
72.30	23.90	22.20	22.50	22.10	39.20	0.00	0.01	0.00
72.40	23.90	22.20	22.50	22.10	39.70	0.10	0.01	0.00
72.50	24.00	22.20	22.40	22.00	39.50	0.00	0.01	0.00
72.60	24.00	22.10	22.30	21.90	39.40	0.10	0.01	0.00
72.70	24.00	22.10	22.30	21.90	39.20	-0.50	0.01	0.00
72.80	24.00	22.20	22.40	22.10	39.80	0.30	0.01	0.00
72.90	24.00	22.40	22.50	22.00	39.20	-0.80	0.01	0.00
73.00	24.00	22.40	22.50	22.00	39.20	0.90	0.01	0.00
73.10	24.00	22.30	22.50	22.10	39.20	0.30	0.02	0.00
73.20	23.90	22.30	22.40	22.00	39.20	0.30	0.01	0.00
73.30	23.90	22.30	22.40	22.00	39.40	-0.20	0.01	0.00
73.40	24.10	22.30	22.50	22.00	39.70	0.10	0.01	0.00
73.50	24.10	22.30	22.50	22.00	39.20	0.00	0.01	0.00
73.60	23.90	22.30	22.30	22.00	39.20	0.40	0.01	0.00
73.70	23.90	22.30	22.50	22.10	39.50	0.00	0.01	0.00
73.80	23.90	22.30	22.50	22.10	38.90	0.10	0.01	0.00
73.90	23.80	22.20	22.30	21.90	39.40	0.10	0.01	0.00
74.00	24.00	22.30	22.50	22.10	39.10	-0.30	0.01	0.00
74.10	24.00	22.30	22.50	22.10	39.50	0.10	0.02	0.00
74.20	23.80	22.00	22.50	21.90	39.50	0.10	0.01	0.00
74.30	23.90	22.30	22.40	22.10	39.50	0.00	0.01	0.00
74.40	23.90	22.30	22.40	22.10	39.40	-0.70	0.01	0.00
74.50	23.90	22.30	22.50	22.00	39.10	-0.20	0.01	0.00
74.60	24.00	22.50	22.50	22.20	39.70	0.00	0.01	0.00
74.70	24.00	22.50	22.50	22.20	39.40	-0.30	0.01	0.00
74.80	23.90	22.30	22.50	22.00	39.50	0.10	0.01	0.00
74.90	23.90	22.20	22.60	22.00	39.20	0.10	0.01	0.00
75.00	23.90	22.20	22.60	22.00	39.10	0.10	0.01	0.00
75.10	23.80	22.10	22.20	21.80	39.20	-0.30	0.02	0.00
75.20	23.80	22.10	22.20	21.80	39.20	0.30	0.01	0.00
75.30	23.80	22.20	22.40	22.00	39.20	0.30	0.01	0.00
75.40	23.90	22.20	22.50	22.10	38.60	-0.20	0.01	0.00
75.50	23.90	22.20	22.50	22.10	39.20	0.00	0.01	0.00
75.60	23.80	22.20	22.50	22.00	39.20	0.00	0.01	0.00
75.70	23.90	22.20	22.40	22.00	39.10	0.00	0.01	0.00
75.80	23.90	22.20	22.40	22.00	39.20	0.00	0.01	0.00
75.90	23.80	22.10	22.50	22.00	39.10	-0.20	0.01	0.00
76.00	23.90	22.20	22.40	21.90	39.20	-0.20	0.01	0.00
76.10	23.90	22.20	22.40	21.90	39.20	-0.20	0.01	0.00
76.20	23.80	22.20	22.40	22.00	39.40	0.00	0.01	0.00
76.30	23.80	22.10	22.30	22.10	39.20	0.10	0.01	0.00
76.40	23.80	22.10	22.30	22.10	39.20	0.00	0.01	0.00
76.50	23.80	22.20	22.30	22.00	39.20	-0.20	0.01	0.00
76.60	23.80	22.20	22.40	22.00	39.50	0.40	0.01	0.00
76.70	23.80	22.20	22.40	22.00	39.40	0.10	0.01	0.00
76.80	23.70	22.20	22.30	22.00	39.50	0.10	0.01	0.00
76.90	23.70	22.20	22.30	22.00	39.40	0.40	0.01	0.00
77.00	23.90	22.20	22.40	22.00	39.40	0.00	0.01	0.00
77.10	23.70	22.20	22.40	21.90	39.40	0.00	0.01	0.00
77.20	23.70	22.20	22.40	21.90	39.70	0.00	0.01	0.00
77.30	23.80	22.20	22.30	22.00	39.20	-0.30	0.01	0.00
77.40	23.90	22.10	22.50	22.10	39.20	0.30	0.00	0.00
77.50	23.90	22.10	22.50	22.10	39.40	0.00	0.00	0.00
77.60	23.70	22.10	22.40	22.00	39.50	0.00	0.01	0.00
77.70	23.70	22.10	22.40	22.00	39.40	-0.20	0.01	0.00
77.80	23.90	22.20	22.50	22.00	39.50	0.00	0.01	0.00
77.90	23.70	22.20	22.50	22.10	38.90	0.00	0.01	0.00
78.00	23.70	22.20	22.50	22.10	39.20	0.00	0.01	0.00
78.10	23.80	22.20	22.40	22.10	39.20	0.00	0.01	0.00
78.20	23.70	22.10	22.30	21.80	38.70	-0.20	0.01	0.00
78.30	23.70	22.10	22.30	21.80	39.40	0.00	0.01	0.00
78.40	23.80	22.20	22.30	21.80	39.40	0.10	0.01	0.00
78.50	23.70	22.10	22.50	21.90	39.10	0.10	0.01	0.00
78.60	23.70	22.10	22.50	21.90	38.70	0.10	0.01	0.00
78.70	23.60	22.10	22.40	21.90	39.50	0.00	0.01	0.00
78.80	23.70	22.20	22.40	21.90	39.50	-0.30	0.01	0.00
78.90	23.70	22.20	22.40	21.90	39.50	0.10	0.01	0.00
79.00	23.60	22.10	22.20	21.90	39.10	-0.30	0.01	0.00
79.10	23.60	22.10	22.20	21.90	39.10	-0.30	0.01	0.00
79.20	23.60	22.20	22.50	22.00	39.40	-0.20	0.01	0.00
79.30	23.80	22.10	22.30	21.90	39.50	-0.20	0.01	0.00
79.40	23.80	22.10	22.30	21.90	39.40	1.20	0.00	0.00
79.50	23.70	22.10	22.40	22.00	39.40	-0.20	0.00	0.00
79.60	23.70	22.30	22.50	21.90	39.70	0.00	0.00	0.00
79.70	23.70	22.30	22.50	21.90	39.50	0.10	0.00	0.00
79.80	23.80	22.20	22.40	22.00	39.50	0.30	0.00	0.00
79.90	23.50	22.20	22.30	22.00	39.40	0.30	0.01	0.00
80.00	23.50	22.20	22.30	22.00	39.40	0.30	0.01	0.00
80.10	23.80	22.30	22.40	22.00	39.20	0.10	0.01	0.00
80.20	23.70	22.20	22.50	22.10	39.20	0.00	0.01	0.00
80.30	23.70	22.20	22.50	22.10	39.40	0.30	0.01	0.00
80.40	23.70	22.20	22.40	22.00	39.40	0.30	0.00	0.00
80.50	23.80	22.30	22.40	22.10	39.20	-0.20	0.00	0.00
80.60	23.80	22.30	22.40	22.10	39.50	-0.20	0.00	0.00
80.70	23.70	22.20	22.40	22.00	38.60	0.00	0.00	0.00
80.80	23.70	22.20	22.40	22.00	39.10	-0.20	0.00	0.00
80.90	23.70	22.20	22.50	21.90	39.50	-0.20	0.00	0.00
81.00	23.70	22.20	22.40	22.10	39.50	-0.20	0.00	0.00
81.10	23.70	22.20	22.40	22.10	39.40	0.00	0.01	0.00
81.20	23.60	22.30	22.40	21.90	38.30	0.10	0.01	0.00
81.30	23.70	22.30	22.40	22.10	39.50	-0.20	0.01	0.00
81.40	23.70	22.30	22.40	22.10	39.70	0.10	0.01	0.00
81.50	23.60	22.30	22.40	22.00	39.40	-0.20	0.00	0.00
81.60	23.70	22.20	22.30	21.90	39.80	-0.20	0.00	0.00
81.70	23.70	22.20	22.30	21.90	39.20	-0.20	0.00	0.00
81.80	23.80	22.30	22.50	22.10	39.40	0.30	0.00	0.00
81.90	23.60	22.30	22.40	22.00	39.40	0.30	0.01	0.00
82.00	23.60	22.30	22.40	22.00	39.40	0.00	0.01	0.00
82.10	23.80	22.40	22.50	22.10	39.20	-0.20	0.00	0.00
82.20	23.80	22.40	22.50	22.10	39.50	0.00	0.01	0.00
82.30	23.60	22.20	22.40	22.00	39.50	0.30	0.01	0.00
82.40	23.80	22.20	22.50	21.90	39.40	0.00	0.01	0.00
82.50	23.80	22.20	22.50	21.90	38.90	-0.20	0.00	0.00
82.60	23.70	22.30	22.50	22.10	39.40	-0.20	0.00	0.00
82.70	23.60	22.20	22.40	22.00	39.20	0.00	0.00	0.00
82.80	23.60	22.20	22.40	22.00	39.20	1.00	0.00	0.00
82.90	23.60	22.30	22.50	22.00	39.20	0.30	0.00	0.00
83.00	23.60	22.20	22.40	22.00	39.50	0.00	0.00	0.00
83.10	23.60	22.20	22.40	22.00	39.10	0.00	0.00	0.00
83.20	23.60	22.30	22.30	21.90	39.50	0.10	0.00	0.00
83.30	23.60	22.30	22.30	21.90	39.50	0.30	0.00	0.00
83.40	23.60	22.20	22.40	22.00	39.50	0.00	0.01	0.00
83.50	23.70	22.20	22.40	21.90	39.10	0.10	0.00	0.00
83.60	23.70	22.20	22.40	21.90	39.70	-0.20	0.00	0.00
83.70	23.60	22.20	22.30	21.90	39.40	0.30	0.00	0.00
83.80	23.80	22.40	22.60	22.10	39.40	0.30	0.00	0.00
83.90	23.80	22.40	22.60	22.10	38.70	0.10	0.00	0.00
84.00	23.50	22.30	22.40	22.00	39.10	0.00	0.00	0.00
84.10	23.60	22.30	22.40	22.00	39.40	0.10	0.00	0.00
84.20	23.60	22.30	22.40	22.00	39.20	0.00	0.00	0.00
84.30	23.70	22.30	22.50	22.10	39.20	-0.20	0.00	0.00
84.40	23.60	22.30	22.50	22.00	39.20	0.10	0.00	0.00
84.50	23.60	22.30	22.50	22.00	39.40	0.30	0.00	0.00
84.60	23.70	22.30	22.50	22.20	39.20	0.10	0.00	0.00
84.70	23.70	22.30	22.60	22.10	39.50	0.10	0.00	0.00
84.80	23.70	22.30	22.60	22.10	39.50	0.10	0.00	0.00
84.90	23.50	22.20	22.40	21.90	39.50	0.10	0.00	0.00
85.00	23.70	22.20	22.50	22.00	39.20	0.00	0.00	0.00
85.10	23.70	22.20	22.50	22.00	39.20	0.10	0.00	0.00
85.20	23.70	22.20	22.60	22.00	39.40	0.00	0.00	0.00
85.30	23.50	22.30	22.40	22.00	39.70	0.00	0.01	0.00
85.40	23.50	22.30	22.40	22.00	39.80	0.10	0.01	0.00
85.50	23.80	22.40	22.60	22.10	39.10	0.10	0.00	0.00
85.60	23.50	22.20	22.40	21.90	39.40	1.20	0.00	0.00
85.70	23.50	22.20	22.40	21.90	39.40	1.20	0.00	0.00
85.80	23.50	22.30	22.40	22.10	39.50	0.10	0.00	0.00
85.90	23.50	22.30	22.40	22.10	39.50	0.00	0.00	0.00
86.00	23.50	22.20	22.50	22.00	39.40	0.10	0.00	0.00
86.10	23.70	22.30	22.50	22.10	39.10	0.10	0.00	0.00
86.20	23.70	22.30	22.50	22.10	38.90	0.10	0.00	0.00
86.30	23.70	22.30	22.50	22.10	39.50	-0.30	0.00	0.00
86.40	23.50	22.20	22.40	22.00	39.20	0.10	0.00	0.00
86.50	23.50	22.20	22.40	22.00	39.40	0.00	0.00	0.00
86.60	23.60	22.30	22.40	21.90	39.20	0.00	0.00	0.00
86.70	23.40	22.10	22.20	21.80	39.20	0.00	0.00	0.00
86.80	23.40	22.10	22.20	21.80	39.50	-0.30	0.00	0.00
86.90	23.60	22.20	22.50	22.00	39.10	0.10	0.00	0.00
87.00	23.40	22.20	22.40	21.90	39.20	0.10	0.00	0.00
87.10	23.40	22.20	22.40	21.90	39.20	0.00	0.00	0.00
87.20	23.60	22.20	22.40	22.00	39.20	-0.30	0.00	0.00
87.30	23.50	22.20	22.40	21.90	39.40	0.00	0.00	0.00
87.40	23.50	22.20	22.40	21.90	38.90	-0.20	0.00	0.00
87.50	23.50	22.30	22.40	22.00	38.90	0.10	0.00	0.00
87.60	23.50	22.30	22.40	22.00	38.90	0.10	0.00	0.00
87.70	23.50	22.30	22.40	22.00	39.40	0.00	0.00	0.00
87.80	23.50	22.20	22.40	22.00	39.40	-0.30	0.00	0.00
87.90	23.50	22.20	22.40	22.00	39.80	0.10	0.00	0.00
88.00	23.60	22.30	22.40	22.00	39.50	-0.20	0.00	0.00
88.10	23.50	22.20	22.40	22.00	39.20	0.00	0.00	0.00
88.20	23.50	22.20	22.40	22.00	39.50	0.90	0.00	0.00
88.30	23.50	22.10	22.40	21.90	39.50	0.10	0.00	0.00
88.40	23.50	22.20	22.40	22.00	39.20	0.00	0.00	0.00
88.50	23.50	22.20	22.40	22.00	39.20	0.00	0.00	0.00
88.60	23.50	22.20	22.40	21.90	39.40	0.10	0.00	0.00
88.70	23.50	22.30	22.40	21.90	38.90	0.10	0.00	0.00
88.80	23.50	22.30	22.40	21.90	39.40	-0.30	0.00	0.00
88.90	23.50	22.30	22.40	22.10	39.40	0.00	0.00	0.00
89.00	23.50	22.30	22.40	22.10	39.40	0.30	0.00	0.00
89.10	23.50	22.20	22.40	22.10	39.20	0.10	0.00	0.00
89.20	23.60	22.20	22.50	22.00	39.50	0.40	0.00	0.00
89.30	23.60	22.20	22.50	22.00	39.40	0.00	0.00	0.00
89.40	23.40	22.10	22.40	22.00	39.40	0.00	0.00	0.00
89.50	23.50	22.20	22.40	22.00	38.90	0.00	0.00	0.00
89.60	23.50	22.20	22.40	22.00	39.50	0.10	0.00	0.00
89.70	23.60	22.40	22.50	22.10	39.20	0.00	0.00	0.00
89.80	23.60	22.40	22.50	22.10	39.40	0.00	0.00	0.00
89.90	23.50	22.40	22.50	22.10	39.10	-0.20	0.00	0.00
90.00	23.30	22.20	22.40	22.00	39.20	-0.20	0.00	0.00
90.10	23.60	22.20	22.50	22.00	39.40	-0.20	0.00	0.00
90.20	23.60	22.20	22.50	22.00	39.20	0.30	0.00	0.00
90.30	23.50	22.30	22.40	22.10	38.00	0.00	0.00	0.00
90.40	23.50	22.30	22.50	22.00	38.00	0.00	0.00	0.00
90.50	23.50	22.30	22.50	22.00	38.90	0.40	0.00	0.00
90.60	23.50	22.10	22.40	21.90	39.20	0.10	0.00	0.00
90.70	23.50	22.10	22.40	21.90	39.40	0.10	0.00	0.00
90.80	23.40	22.20	22.40	21.90	39.50	0.10	0.00	0.00
90.90	23.40	22.10	22.20	21.90	39.20	0.10	0.00	0.00
91.00	23.40	22.10	22.20	21.90	38.90	0.00	0.00	0.00
91.10	23.60	22.20	22.40	22.00	39.40	0.30	0.00	0.00
91.20	23.40	22.20	22.40	21.90	39.40	0.00	0.00	0.00
91.30	23.40	22.20	22.40	21.90	39.50	0.30	0.00	0.00
91.40	23.50	22.30	22.50	22.10	39.10	0.10	0.00	0.00
91.50	23.50	22.10	22.30	21.80	40.00	0.10	0.00	0.00
91.60	23.50	22.10	22.30	21.80	39.40	-0.20	0.00	0.00
91.70	23.50	22.30	22.40	22.00	39.20	0.40	0.00	0.00
91.80	23.50	22.30	22.40	22.00	39.50	0.10	0.00	0.00
91.90	23.40	22.20	22.30	22.00	39.40	0.10	0.00	0.00
92.00	23.50	22.30	22.50	22.10	39.50	0.10	0.00	0.00
92.10	23.50	22.30	22.50	22.10	39.20	0.10	0.00	0.00
92.20	23.50	22.20	22.50	22.00	39.50	0.10	0.00	0.00
92.30	23.40	22.30	22.40	22.00	39.50	0.10	0.00	0.00
92.40	23.40	22.30	22.40	22.00	39.40	0.00	0.00	0.00
92.50	23.50	22.30	22.40	22.10	39.20	0.10	0.00	0.00
92.60	23.40	22.20	22.40	22.00	39.40	0.00	0.00	0.00
92.70	23.40	22.20	22.40	22.00	39.50	0.10	0.00	0.00
92.80	23.40	22.20	22.50	22.00	39.20	-0.20	0.00	0.00
92.90	23.40	22.20	22.50	22.00	39.20	-0.20	0.00	0.00
93.00	23.50	22.30	22.50	22.00	39.20	0.00	0.00	0.00
93.10	23.50	22.20	22.50	22.10	39.50	0.00	0.00	0.00
93.20	23.50	22.20	22.50	22.10	39.70	0.30	0.00	0.00
93.30	23.50	22.30	22.40	22.10	39.20	0.10	0.00	0.00
93.40	23.40	22.30	22.40	21.90	39.40	0.30	0.00	0.00
93.50	23.40	22.30	22.40	21.90	38.30	-0.20	0.00	0.00
93.60	23.40	22.20	22.40	22.00	39.20	0.00	0.00	0.00
93.70	23.40	22.20	22.40	21.90	39.20	-0.30	0.00	0.00
93.80	23.40	22.20	22.40	21.90	39.40	0.10	0.00	0.00
93.90	23.40	22.30	22.50	22.10	39.10	1.20	0.00	0.00
94.00	23.40	22.30	22.50	22.00	39.20	0.00	0.00	0.00
94.10	23.40	22.30	22.50	22.00	39.50	0.10	0.00	0.00
94.20	23.40	22.20	22.40	21.90	39.50	0.10	0.00	0.00
94.30	23.40	22.30	22.30	22.00	39.10	-0.20	0.00	0.00
94.40	23.40	22.30	22.30	22.00	39.50	-0.20	0.00	0.00
94.50	23.40	22.30	22.40	22.00	39.20	0.00	0.00	0.00
94.60	23.40	22.20	22.40	22.10	38.40	0.00	0.00	0.00
94.70	23.40	22.20	22.40	22.10	39.40	-0.20	0.00	0.00
94.80	23.40	22.30	22.40	22.00	39.70	0.30	0.00	0.00
94.90	23.30	22.20	22.40	21.90	39.40	0.10	0.00	0.00
95.00	23.30	22.20	22.40	21.90	39.10	0.10	0.00	0.00
95.10	23.40	22.10	22.30	22.00	39.10	0.10	0.00	0.00
95.20	23.40	22.10	22.30	22.00	39.20	0.30	0.00	0.00
95.30	23.40	22.20	22.50	22.00	39.40	0.60	0.00	0.00
95.40	23.40	22.20	22.40	22.00	39.40	0.30	0.00	0.00
95.50	23.40	22.20	22.40	22.00	40.40	0.10	0.00	0.00
95.60	23.40	22.10	22.50	22.00	39.70	0.10	0.00	0.00
95.70	23.40	22.20	22.40	22.10	39.50	0.10	0.00	0.00
95.80	23.40	22.20	22.40	22.10	39.10	-0.20	0.00	0.00
95.90	23.60	22.40	22.60	22.20	39.50	-0.20	0.00	0.00
96.00	23.40	22.20	22.40	22.00	39.50	-0.20	0.00	0.00
96.10	23.40	22.20	22.40	22.00	39.20	0.10	0.00	0.00
96.20	23.40	22.20	22.40	22.10	39.40	0.00	0.00	0.00
96.30	23.40	22.20	22.40	22.10	39.10	0.00	0.00	0.00
96.40	23.40	22.30	22.40	22.00	39.50	0.10	0.00	0.00
96.50	23.40	22.30	22.40	22.00	39.20	0.00	0.00	0.00
96.60	23.40	22.30	22.40	22.00	39.10	-0.30	0.00	0.00
96.70	23.40	22.20	22.40	22.00	38.90	0.10	0.00	0.00
96.80	23.40	22.20	22.40	22.00	39.40	0.10	0.00	0.00
96.90	23.40	22.20	22.40	22.00	39.20	0.00	0.00	0.00
97.00	23.40	22.30	22.40	22.00	39.20	0.00	0.00	0.00
97.10	23.40	22.20	22.50	22.10	39.20	0.00	0.00	0.00
97.20	23.40	22.20	22.50	22.10	39.40	-0.30	0.00	0.00
97.30	23.30	22.20	22.40	22.00	39.20	-0.20	0.00	0.00
97.40	23.40	22.30	22.50	21.90	39.70	0.10	0.00	0.00
97.50	23.40	22.30	22.50	21.90	39.50	0.10	0.00	0.00
97.60	23.40	22.30	22.50	22.00	39.50	0.00	0.00	0.00
97.70	23.40	22.30	22.50	22.00	39.50	0.30	0.00	0.00
97.80	23.40	22.10	22.40	22.00	39.50	0.00	0.00	0.00
97.90	23.40	22.20	22.40	22.10	39.50	0.00	0.00	0.00
98.00	23.40	22.20	22.40	22.10	39.10	0.00	0.00	0.00
98.10	23.40	22.30	22.50	21.90	39.20	0.10	0.00	0.00
98.20	23.40	22.20	22.40	22.00	39.40	-0.20	0.00	0.00
98.30	23.40	22.20	22.40	22.00	39.40	-0.20	0.00	0.00
98.40	23.30	22.20	22.40	22.00	39.70	0.10	0.00	0.00
98.50	23.40	22.30	22.60	22.10	39.20	-0.20	0.00	0.00
98.60	23.40	22.30	22.60	22.10	38.70	0.00	0.00	0.00
98.70	23.30	22.20	22.40	22.00	39.20	0.10	0.00	0.00
98.80	23.40	22.20	22.40	22.10	39.20	0.10	0.00	0.00
98.90	23.40	22.20	22.40	22.10	39.20	0.00	0.00	0.00
99.00	23.30	22.30	22.40	22.00	39.40	0.00	0.00	0.00
99.10	23.30	22.30	22.40	22.00	39.40	0.10	0.00	0.00
99.20	23.50	22.20	22.50	22.10	39.40	0.10	0.00	0.00
99.30	23.40	22.20	22.50	22.00	39.20	0.00	0.00	0.00
99.40	23.40	22.20	22.50	22.00	39.10	-0.50	0.00	0.00
99.50	23.30	22.30	22.40	21.80	39.20	0.60	0.00	0.00
99.60	23.40	22.40	22.40	22.00	39.70	0.30	0.00	0.00
99.70	23.40	22.40	22.40	22.00	39.50	-0.70	0.00	0.00
99.80	23.30	22.20	22.40	21.90	39.50	-0.70	0.00	0.00
99.90	23.30	22.20	22.40	21.90	39.20	0.10	0.00	0.00
100.00	23.40	22.20	22.50	22.00	39.20	0.10	0.00	0.00
100.10	23.40	22.30	22.40	22.00	39.20	0.10	0.00	0.00
100.20	23.40	22.30	22.40	22.00	40.00	0.00	0.00	0.00
100.30	23.30	22.20	22.30	22.10	39.20	0.00	0.00	0.00
100.40	23.40	22.30	22.50	22.10	39.40	0.30	0.00	0.00
100.50	23.40	22.30	22.50	22.10	39.40	0.00	0.00	0.00
100.60	23.20	22.30	22.50	22.10	39.50	0.00	0.00	0.00
100.70	23.20	22.30	22.50	22.10	39.50	0.00	0.00	0.00
100.80	23.40	22.30	22.60	22.00	39.20	0.30	0.00	0.00
100.90	23.40	22.30	22.50	22.10	38.90	-1.00	0.00	0.00
101.00	23.40	22.30	22.50	22.10	39.40	0.10	0.00	0.00
101.10	23.20	22.10	22.30	21.90	39.40	-0.20	0.00	0.00
101.20	23.30	22.00	22.30	21.90	39.40	-0.20	0.00	0.00
101.30	23.30	22.00	22.30	21.90	39.20	0.10	0.00	0.00
101.40	23.50	22.30	22.50	21.90	38.60	0.10	0.00	0.00
101.50	23.50	22.30	22.50	21.90	39.10	0.10	0.00	0.00
101.60	23.40	22.30	22.50	22.10	38.90	0.10	0.00	0.00
101.70	23.30	22.20	22.40	21.90	38.90	0.10	0.00	0.00
101.80	23.30	22.20	22.40	21.90	39.50	-0.20	0.00	0.00
101.90	23.40	22.30	22.40	22.00	39.70	0.00	0.00	0.00
102.00	23.30	22.20	22.40	22.00	38.70	0.10	0.00	0.00
102.10	23.30	22.20	22.40	22.00	38.90	0.00	0.00	0.00
102.20	23.30	22.30	22.30	21.90	39.40	0.00	0.00	0.00
102.30	23.30	22.20	22.40	22.00	39.50	0.10	0.00	0.00
102.40	23.30	22.20	22.40	22.00	39.20	0.00	0.00	0.00
102.50	23.40	22.30	22.40	22.00	39.80	0.30	0.00	0.00
102.60	23.40	22.30	22.40	22.00	39.80	0.30	0.00	0.00
102.70	23.30	22.20	22.40	22.10	39.10	-0.20	0.00	0.00
102.80	23.40	22.30	22.50	22.00	39.50	-0.50	0.00	0.00
102.90	23.40	22.30	22.50	22.00	39.40	0.10	0.00	0.00
103.00	23.30	22.30	22.40	22.00	39.20	0.00	0.00	0.00
103.10	23.30	22.20	22.40	22.10	39.10	0.10	0.00	0.00
103.20	23.30	22.20	22.40	22.10	39.20	0.00	0.00	0.00
103.30	23.30	22.30	22.40	22.00	39.40	0.00	0.00	0.00
103.40	23.30	22.30	22.50	22.10	39.20	0.30	0.00	0.00
103.50	23.30	22.30	22.50	22.10	39.20	0.30	0.00	0.00
103.60	23.20	22.30	22.50	22.00	39.40	-0.70	0.00	0.00
103.70	23.20	22.30	22.50	22.00	39.50	0.00	0.00	0.00
103.80	23.40	22.20	22.50	22.20	39.20	0.00	0.00	0.00
103.90	23.30	22.30	22.40	22.00	39.50	-0.50	0.00	0.00
104.00	23.30	22.30	22.40	22.00	39.20	0.10	0.00	0.00
104.10	23.30	22.20	22.50	22.00	38.90	-0.50	0.00	0.00
104.20	23.30	22.20	22.50	22.00	39.40	-0.20	0.00	0.00
104.30	23.30	22.20	22.50	22.20	39.20	0.10	0.00	0.00
104.40	23.30	22.20	22.50	21.90	39.40	-0.30	0.00	0.00
104.50	23.40	22.30	22.60	22.10	39.40	-0.30	0.00	0.00
104.60	23.40	22.30	22.60	22.10	39.10	0.10	0.00	0.00
104.70	23.20	22.30	22.40	22.00	39.20	0.10	0.00	0.00
104.80	23.20	22.30	22.40	22.00	39.20	0.00	0.00	0.00
104.90	23.40	22.30	22.60	22.00	39.20	-0.20	0.00	0.00
105.00	23.40	22.30	22.40	22.00	39.40	-0.30	0.00	0.00
105.10	23.40	22.30	22.40	22.00	39.20	0.10	0.00	0.00
105.20	23.30	22.30	22.50	22.00	39.40	0.00	0.00	0.00
105.30	23.30	22.20	22.40	22.00	39.10	0.00	0.00	0.00
105.40	23.30	22.20	22.40	22.00	39.20	-0.70	0.00	0.00
105.50	23.20	22.20	22.50	22.10	39.20	-0.70	0.00	0.00
105.60	23.20	22.10	22.30	21.90	39.40	-0.20	0.00	0.00
105.70	23.20	22.10	22.30	21.90	39.20	0.00	0.00	0.00
105.80	23.30	22.30	22.30	22.00	39.20	-0.50	0.00	0.00
105.90	23.30	22.30	22.50	22.10	39.40	0.10	0.00	0.00
106.00	23.30	22.30	22.50	22.10	39.40	0.10	0.00	0.00
106.10	23.40	22.20	22.50	22.00	39.40	0.00	0.00	0.00
106.20	23.20	22.20	22.50	21.90	38.90	-0.20	0.00	0.00
106.30	23.20	22.20	22.50	21.90	39.80	0.10	0.00	0.00
106.40	23.30	22.30	22.50	22.10	39.80	0.10	0.00	0.00
106.50	23.30	22.30	22.40	22.00	39.20	-0.30	0.00	0.00
106.60	23.30	22.30	22.40	22.00	39.20	0.00	0.00	0.00
106.70	23.30	22.20	22.30	22.00	39.80	0.30	0.00	0.00
106.80	23.30	22.30	22.50	22.10	39.50	0.10	0.00	0.00
106.90	23.30	22.30	22.50	22.10	39.40	0.00	0.00	0.00
107.00	23.20	22.20	22.50	22.00	39.20	0.10	0.00	0.00
107.10	23.30	22.30	22.50	22.00	39.50	0.00	0.00	0.00
107.20	23.30	22.30	22.50	22.00	39.20	-0.30	0.00	0.00
107.30	23.40	22.30	22.40	21.90	39.20	-0.30	0.00	0.00
107.40	23.30	22.20	22.40	22.10	39.20	0.10	0.00	0.00
107.50	23.30	22.20	22.40	22.10	39.40	-0.20	0.00	0.00
107.60	23.10	22.20	22.40	21.90	39.40	0.10	0.00	0.00
107.70	23.20	22.20	22.40	21.90	39.10	0.00	0.00	0.00
107.80	23.20	22.20	22.40	21.90	39.20	0.10	0.00	0.00
107.90	23.20	22.10	22.30	21.90	39.40	0.30	0.00	0.00
108.00	23.30	22.30	22.30	22.10	39.10	-0.80	0.00	0.00
108.10	23.30	22.30	22.30	22.10	39.40	0.00	0.00	0.00
108.20	23.30	22.30	22.50	22.00	39.40	0.00	0.00	0.00
108.30	23.30	22.30	22.50	22.00	39.40	0.00	0.00	0.00
108.40	23.30	22.30	22.50	22.00	39.20	0.00	0.00	0.00
108.50	23.20	22.30	22.40	22.10	39.40	0.00	0.00	0.00
108.60	23.20	22.10	22.40	22.00	39.20	0.30	0.00	0.00
108.70	23.20	22.10	22.40	22.00	38.90	0.40	0.00	0.00
108.80	23.20	22.30	22.40	22.00	39.20	0.10	0.00	0.00
108.90	23.20	22.30	22.40	22.00	39.40	0.10	0.00	0.00
109.00	23.20	22.30	22.50	22.10	39.10	0.60	0.00	0.00
109.10	23.20	22.30	22.40	21.90	39.10	0.60	0.00	0.00
109.20	23.20	22.30	22.40	21.90	39.40	0.00	0.00	0.00
109.30	23.30	22.40	22.50	22.10	39.40	0.30	0.00	0.00
109.40	23.20	22.30	22.50	22.10	38.90	-0.20	0.00	0.00
109.50	23.20	22.30	22.50	22.10	39.20	-0.70	0.00	0.00
109.60	23.30	22.30	22.50	22.00	39.20	0.10	0.00	0.00
109.70	23.30	22.30	22.50	22.00	39.20	-1.30	0.00	0.00
109.80	23.30	22.30	22.50	22.10	39.40	-0.30	0.00	0.00
109.90	23.30	22.20	22.40	22.10	39.40	0.10	0.00	0.00
110.00	23.30	22.20	22.40	22.10	39.40	0.10	-0.01	0.00
110.10	23.10	22.20	22.40	21.90	39.10	0.00	0.00	0.00
110.20	23.20	22.20	22.50	22.00	39.10	0.00	0.00	0.00
110.30	23.20	22.20	22.50	22.00	39.20	0.00	0.00	0.00
110.40	23.20	22.20	22.40	22.00	39.10	0.10	0.00	0.00
110.50	23.20	22.20	22.40	22.00	39.40	0.00	0.00	0.00
110.60	23.30	22.30	22.40	22.10	39.20	0.00	0.00	0.00
110.70	23.30	22.40	22.50	22.10	39.20	0.40	0.00	0.00
110.80	23.30	22.40	22.50	22.10	39.50	-0.20	0.00	0.00
110.90	23.30	22.30	22.50	22.10	39.20	0.30	0.00	0.00
111.00	23.30	22.20	22.40	22.00	39.20	0.30	0.00	0.00
111.10	23.30	22.20	22.40	22.00	40.10	-0.20	0.00	0.00
111.20	23.30	22.30	22.50	22.10	39.40	-0.20	0.00	0.00
111.30	23.30	22.30	22.40	22.00	39.80	0.10	0.00	0.00
111.40	23.30	22.30	22.40	22.00	39.50	0.40	0.00	0.00
111.50	23.30	22.20	22.40	22.00	38.90	0.00	0.00	0.00
111.60	23.30	22.30	22.40	22.00	39.40	0.10	0.00	0.00
111.70	23.30	22.30	22.40	22.00	39.20	-0.20	0.00	0.00
111.80	23.20	22.20	22.50	22.00	39.40	-0.20	0.00	0.00
111.90	23.20	22.20	22.50	22.00	39.40	-0.20	0.00	0.00
112.00	23.20	22.30	22.50	22.00	39.50	0.10	0.00	0.00
112.10	23.20	22.30	22.50	22.00	39.40	0.00	0.00	0.00
112.20	23.20	22.20	22.40	21.90	39.50	0.10	0.00	0.00
112.30	23.20	22.30	22.50	21.90	39.40	-0.20	0.00	0.00
112.40	23.20	22.30	22.50	21.90	39.80	0.10	0.00	0.00
112.50	23.30	22.30	22.50	22.00	39.40	0.10	0.00	0.00
112.60	23.30	22.50	22.50	22.10	38.90	0.30	0.00	0.00
112.70	23.30	22.50	22.50	22.10	39.50	0.10	0.00	0.00
112.80	23.30	22.30	22.40	22.00	39.50	0.10	0.00	0.00
112.90	23.30	22.30	22.40	22.00	39.20	0.10	0.00	0.00
113.00	23.30	22.40	22.50	22.10	39.40	0.30	0.00	0.00
113.10	23.20	22.40	22.50	22.00	39.50	0.00	0.00	0.00
113.20	23.20	22.40	22.50	22.00	39.40	0.10	0.00	0.00
113.30	23.20	22.20	22.50	22.10	39.20	0.00	0.00	0.00
113.40	23.20	22.30	22.40	21.90	39.50	0.10	0.00	0.00
113.50	23.20	22.30	22.40	21.90	39.20	0.30	0.00	0.00
113.60	23.30	22.30	22.40	22.00	39.40	-0.20	0.00	0.00
113.70	23.30	22.30	22.40	22.00	39.40	-0.20	0.00	0.00
113.80	23.10	22.30	22.40	22.00	39.20	0.30	0.00	0.00
113.90	23.20	22.30	22.50	22.00	39.70	0.10	0.00	0.00
114.00	23.20	22.30	22.50	22.00	39.40	0.00	0.00	0.00
114.10	23.30	22.40	22.50	22.00	39.20	0.00	0.00	0.00
114.20	23.30	22.40	22.40	22.10	39.20	0.10	0.00	0.00
114.30	23.30	22.40	22.40	22.10	39.50	0.00	0.00	0.00
114.40	23.10	22.20	22.40	22.00	39.40	-0.30	0.00	0.00
114.50	23.20	22.20	22.40	22.10	39.50	0.10	0.00	0.00
114.60	23.20	22.20	22.40	22.10	39.10	0.10	0.00	0.00
114.70	23.10	22.20	22.40	22.00	39.10	0.10	0.00	0.00
114.80	23.20	22.30	22.50	22.00	39.20	0.00	0.00	0.00
114.90	23.20	22.30	22.50	22.00	39.20	-0.20	0.00	0.00
115.00	23.20	22.20	22.40	21.90	39.10	0.10	0.00	0.00
115.10	23.20	22.20	22.40	21.90	39.40	0.10	0.00	0.00
115.20	23.40	22.40	22.60	22.00	39.70	0.30	0.00	0.00
115.30	23.30	22.40	22.40	22.10	39.40	-1.00	0.00	0.00
115.40	23.30	22.40	22.40	22.10	39.20	0.00	0.00	0.00
115.50	23.10	22.20	22.40	22.00	39.40	0.00	0.00	0.00
115.60	23.30	22.30	22.50	22.00	39.40	0.00	0.00	0.00
115.70	23.30	22.30	22.50	22.00	39.40	0.10	0.00	0.00
115.80	23.20	22.20	22.40	22.00	39.40	0.30	0.00	0.00
115.90	23.20	22.30	22.40	22.10	39.40	0.00	0.00	0.00
116.00	23.20	22.30	22.40	22.10	39.40	0.10	0.00	0.00
116.10	23.20	22.20	22.40	22.00	39.50	0.10	0.00	0.00
116.20	23.20	22.40	22.50	22.00	39.20	0.10	0.00	0.00
116.30	23.20	22.40	22.50	22.00	39.40	0.00	0.00	0.00
116.40	23.10	22.20	22.40	22.10	39.20	-0.20	0.00	0.00
116.50	23.10	22.20	22.40	22.10	39.20	-0.20	0.00	0.00
116.60	23.20	22.40	22.60	22.10	39.20	0.10	0.00	0.00
116.70	23.20	22.40	22.40	22.00	39.50	0.00	0.00	0.00
116.80	23.20	22.40	22.40	22.00	40.10	0.00	0.00	0.00
116.90	23.20	22.20	22.40	22.00	39.20	0.00	0.00	0.00
117.00	23.20	22.30	22.40	22.10	39.20	0.10	0.00	0.00
117.10	23.30	22.30	22.50	22.00	39.40	0.10	0.00	0.00
117.20	23.30	22.30	22.50	22.00	38.70	0.10	0.00	0.00
117.30	23.30	22.40	22.50	22.00	39.10	0.30	0.00	0.00
117.40	23.30	22.40	22.50	22.00	39.40	-0.20	0.00	0.00
117.50	23.30	22.40	22.50	22.00	39.50	0.10	0.00	0.00
117.60	23.10	22.20	22.40	21.90	39.40	-0.20	0.00	0.00
117.70	23.10	22.20	22.40	21.90	39.40	0.00	0.00	0.00
117.80	23.20	22.40	22.40	22.00	39.40	0.10	0.00	0.00
117.90	23.30	22.30	22.50	22.10	39.40	-0.80	0.00	0.00
118.00	23.30	22.30	22.50	22.10	38.90	0.10	0.00	0.00
118.10	23.20	22.30	22.50	21.90	39.20	0.00	0.00	0.00
118.20	23.20	22.30	22.50	22.00	38.40	0.00	0.00	0.00
118.30	23.20	22.30	22.50	22.00	39.20	0.40	0.00	0.00
118.40	23.20	22.30	22.60	22.10	39.20	0.40	0.00	0.00
118.50	23.20	22.30	22.30	21.90	39.20	0.30	0.00	0.00
118.60	23.20	22.30	22.30	21.90	39.40	0.30	0.00	0.00
118.70	23.10	22.20	22.40	21.90	39.20	0.30	0.00	0.00
118.80	23.20	22.20	22.40	21.90	38.90	0.00	0.00	0.00
118.90	23.20	22.20	22.40	21.90	39.20	0.00	0.00	0.00
119.00	23.10	22.20	22.40	21.90	39.40	0.00	0.00	0.00
119.10	23.10	22.20	22.40	21.90	39.50	0.00	0.00	0.00
119.20	23.10	22.20	22.40	21.90	39.40	0.10	0.00	0.00
119.30	23.30	22.50	22.50	22.10	39.40	0.10	0.00	0.00
119.40	23.20	22.40	22.50	22.10	39.40	-0.20	0.00	0.00
119.50	23.20	22.40	22.50	22.10	39.40	0.10	0.00	0.00
119.60	23.20	22.30	22.50	22.00	39.10	0.10	0.00	0.00
119.70	23.20	22.40	22.50	22.00	39.20	0.00	0.00	0.00
119.80	23.20	22.40	22.50	22.00	39.40	-1.00	0.00	0.00
119.90	23.30	22.30	22.50	22.00	39.50	0.10	0.00	0.00
120.00	23.30	22.40	22.50	22.10	39.50	0.00	0.00	0.00
120.10	23.30	22.40	22.50	22.10	39.20	0.00	0.00	0.00
120.20	23.20	22.30	22.40	22.00	39.20	0.00	0.00	0.00
120.30	23.10	22.30	22.40	22.00	39.10	0.00	0.00	0.00
120.40	23.10	22.30	22.40	22.00	39.40	0.10	0.00	0.00
120.50	23.20	22.30	22.50	22.00	38.90	-0.20	0.00	0.00
120.60	23.20	22.40	22.50	22.00	40.30	0.10	0.00	0.00
120.70	23.20	22.40	22.50	22.00	39.50	0.00	0.00	0.00
120.80	23.30	22.20	22.40	22.00	39.10	0.00	0.00	0.00
120.90	23.20	22.30	22.40	22.10	39.20	0.30	0.00	0.00
121.00	23.20	22.30	22.40	22.10	39.40	0.40	0.00	0.00
121.10	23.10	22.30	22.50	22.00	39.20	0.30	0.00	0.00
121.20	23.30	22.30	22.50	22.10	39.50	-0.20	0.00	0.00
121.30	23.30	22.30	22.50	22.10	39.20	0.30	0.00	0.00
121.40	23.30	22.40	22.60	22.10	39.40	0.00	0.00	0.00
121.50	23.30	22.40	22.60	22.10	38.90	0.10	0.00	0.00
121.60	23.20	22.30	22.40	22.00	39.50	0.00	0.00	0.00
121.70	23.20	22.30	22.50	22.00	39.40	0.10	0.00	0.00
121.80	23.20	22.30	22.50	22.00	39.20	0.30	0.00	0.00
121.90	23.30	22.40	22.50	22.00	39.40	0.30	0.00	0.00
122.00	23.20	22.30	22.50	22.00	39.50	-0.30	0.00	0.00
