Ambient Temperature(C): 22.3
Ambient Pressure(in Hg): 
Time(s)	T1(Deg C)	Wall Temp(Deg C)	Top Plate(Deg C)	Bottom Plate(Deg C)	P1(PSI)	P2(PSI)	Mass Flowrate(g/min)	Heater Energy (kJ)

0.00	29.40	28.70	25.20	23.20	2.70	1.20	0.00	0.00
0.10	29.50	28.70	25.30	23.30	2.90	1.50	0.00	0.00
0.20	29.60	28.80	25.40	23.30	2.60	1.00	0.00	0.00
0.30	29.60	28.80	25.40	23.30	3.00	1.00	0.00	0.00
0.40	29.50	28.70	25.20	23.30	2.90	0.60	0.00	0.00
0.50	29.50	28.70	25.20	23.30	2.60	1.00	0.00	0.00
0.60	29.40	28.70	25.30	23.20	3.00	0.90	0.00	0.00
0.70	29.50	28.70	25.40	23.30	3.00	0.90	0.00	0.00
0.80	29.50	28.70	25.40	23.30	3.00	0.90	0.00	0.00
0.90	29.50	28.80	25.30	23.40	2.70	-0.20	0.00	0.00
1.00	29.40	28.90	25.20	23.30	2.10	1.00	0.00	0.00
1.10	29.40	28.90	25.20	23.30	3.00	1.00	0.00	0.00
1.20	29.30	28.70	25.30	23.30	2.70	1.00	0.00	0.00
1.30	29.60	28.70	25.20	23.30	2.90	1.00	0.00	0.00
1.40	29.60	28.70	25.20	23.30	2.90	1.20	0.00	0.00
1.50	29.40	28.80	25.30	23.30	2.70	1.00	0.00	0.00
1.60	29.50	28.70	25.30	23.40	2.70	0.70	0.00	0.00
1.70	29.50	28.70	25.30	23.40	2.70	0.70	0.00	0.00
1.80	29.50	28.80	25.40	23.30	2.70	0.40	0.00	0.00
1.90	29.50	28.80	25.30	23.40	2.70	1.00	0.00	0.00
2.00	29.50	28.80	25.30	23.40	2.90	0.70	0.00	0.00
2.10	29.50	28.80	25.20	23.40	2.70	0.70	0.00	0.00
2.20	29.50	28.60	25.20	23.30	2.90	1.00	0.00	0.00
2.30	29.50	28.60	25.20	23.30	2.90	0.70	0.00	0.00
2.40	29.50	28.70	25.30	23.20	2.40	1.20	0.00	0.00
2.50	29.50	28.70	25.30	23.30	2.40	0.90	0.00	0.00
2.60	29.50	28.70	25.30	23.30	2.40	0.90	0.00	0.00
2.70	29.50	28.70	25.40	23.30	2.70	1.20	0.00	0.00
2.80	29.50	28.70	25.40	23.30	3.00	0.90	0.00	0.00
2.90	29.40	28.70	25.20	23.30	2.70	1.00	0.00	0.00
3.00	29.50	28.80	25.30	23.20	3.00	0.90	0.00	0.00
3.10	29.50	28.80	25.30	23.20	2.90	0.90	0.00	0.00
3.20	29.50	28.80	25.30	23.40	3.50	0.90	0.00	0.00
3.30	29.50	28.90	25.30	23.30	3.00	0.90	0.00	0.00
3.40	29.50	28.90	25.30	23.30	2.90	1.30	0.00	0.00
3.50	29.50	28.80	25.30	23.40	2.40	1.20	0.00	0.00
3.60	29.50	28.80	25.30	23.40	2.40	1.20	0.00	0.00
3.70	29.40	28.60	25.30	23.30	3.00	1.20	0.00	0.00
3.80	29.50	28.70	25.30	23.30	2.90	1.30	0.00	0.00
3.90	29.50	28.70	25.30	23.30	2.70	1.00	0.00	0.00
4.00	29.60	28.70	25.40	23.40	2.90	1.00	0.00	0.00
4.10	29.40	28.70	25.20	23.20	2.90	0.90	0.00	0.00
4.20	29.40	28.70	25.20	23.20	2.70	1.20	0.00	0.00
4.30	29.30	28.70	25.20	23.30	3.00	0.70	0.00	0.00
4.40	29.50	28.60	25.40	23.30	3.30	1.00	0.00	0.00
4.50	29.50	28.60	25.40	23.30	3.30	1.00	0.00	0.00
4.60	29.40	28.70	25.30	23.40	2.60	1.20	0.00	0.00
4.70	29.40	28.70	25.30	23.40	2.70	1.00	0.00	0.00
4.80	29.50	28.60	25.30	23.30	2.90	1.00	0.00	0.00
4.90	29.40	28.80	25.30	23.30	3.00	1.20	0.00	0.00
5.00	29.40	28.80	25.30	23.30	4.60	1.30	0.00	0.00
5.10	29.50	28.70	25.30	23.30	2.90	1.00	0.00	0.00
5.20	29.40	28.70	25.20	23.10	3.00	1.00	0.00	0.00
5.30	29.40	28.70	25.20	23.10	2.90	0.90	0.00	0.00
5.40	29.40	28.70	25.20	23.30	2.60	-0.20	0.00	0.00
5.50	29.70	28.80	25.40	23.40	2.60	-0.20	0.00	0.00
5.60	29.70	28.80	25.40	23.40	2.70	0.70	0.00	0.00
5.70	29.50	28.70	25.30	23.20	3.00	1.20	0.00	0.00
5.80	29.50	28.70	25.30	23.30	2.70	2.10	0.00	0.00
5.90	29.50	28.70	25.30	23.30	2.90	0.90	0.00	0.00
6.00	29.50	28.70	25.30	23.40	2.70	0.90	0.00	0.00
6.10	29.60	28.70	25.40	23.40	2.70	0.90	0.00	0.00
6.20	29.60	28.70	25.40	23.40	2.70	2.00	0.00	0.00
6.30	29.50	28.80	25.30	23.40	2.70	1.00	0.00	0.00
6.40	29.40	28.70	25.20	23.30	2.70	1.00	0.00	0.00
6.50	29.40	28.70	25.20	23.30	2.70	1.20	0.00	0.00
6.60	29.40	28.70	25.20	23.30	2.90	2.10	0.00	0.00
6.70	29.50	28.70	25.40	23.30	2.00	0.90	0.00	0.00
6.80	29.50	28.70	25.40	23.30	2.60	1.00	0.00	0.00
6.90	29.60	28.80	25.40	23.20	2.90	1.30	0.00	0.00
7.00	29.50	28.70	25.40	23.30	3.20	0.90	0.00	0.00
7.10	29.50	28.70	25.40	23.30	2.90	0.90	0.00	0.00
7.20	29.50	28.90	25.40	23.40	2.90	0.70	0.00	0.00
7.30	29.50	28.90	25.40	23.40	2.70	0.70	0.00	0.00
7.40	29.50	28.60	25.20	23.20	2.70	1.20	0.00	0.00
7.50	29.50	28.80	25.30	23.40	3.00	0.70	0.00	0.00
7.60	29.50	28.80	25.30	23.40	2.90	2.90	0.00	0.00
7.70	29.60	28.70	25.40	23.20	2.70	0.70	0.00	0.00
7.80	29.50	28.70	25.20	23.30	2.90	0.90	0.00	0.00
7.90	29.50	28.70	25.20	23.30	2.90	1.00	0.00	0.00
8.00	29.50	28.80	25.40	23.30	2.60	0.40	0.00	0.00
8.10	29.60	28.70	25.30	23.30	2.40	0.90	0.00	0.00
8.20	29.60	28.70	25.30	23.30	2.40	0.90	0.00	0.00
8.30	29.70	28.70	25.30	23.30	2.70	1.00	0.00	0.00
8.40	29.60	28.80	25.30	23.30	3.00	1.00	0.00	0.00
8.50	29.60	28.80	25.30	23.30	2.90	1.00	0.00	0.00
8.60	29.60	28.70	25.30	23.20	3.00	1.00	0.00	0.00
8.70	29.50	28.70	25.30	23.20	3.00	1.20	0.00	0.00
8.80	29.50	28.70	25.30	23.20	2.90	1.20	0.00	0.00
8.90	29.50	28.80	25.30	23.20	3.00	1.20	0.00	0.00
9.00	29.50	28.80	25.30	23.20	2.90	1.20	0.00	0.00
9.10	29.60	28.70	25.30	23.30	2.90	1.20	0.00	0.00
9.20	29.50	28.80	25.40	23.30	2.60	0.90	0.00	0.00
9.30	29.50	28.80	25.40	23.30	2.90	0.90	0.00	0.00
9.40	29.60	28.70	25.30	23.40	3.00	1.00	0.00	0.00
9.50	29.50	28.80	25.40	23.20	3.00	1.30	0.00	0.00
9.60	29.50	28.80	25.40	23.20	2.70	1.20	0.00	0.00
9.70	29.50	28.70	25.40	23.40	3.00	0.70	0.00	0.00
9.80	29.60	28.80	25.30	23.30	2.30	0.90	0.00	0.00
9.90	29.60	28.80	25.30	23.30	3.00	1.00	0.00	0.00
10.00	29.70	28.70	25.40	23.50	3.00	1.00	0.00	0.00
10.10	29.60	28.80	25.30	23.40	2.70	1.00	0.00	0.00
10.20	29.60	28.80	25.30	23.40	2.90	1.00	0.00	0.00
10.30	29.50	28.70	25.30	23.30	2.90	0.70	0.00	0.00
10.40	29.50	28.60	25.20	23.30	2.70	0.90	0.00	0.00
10.50	29.50	28.60	25.20	23.30	2.70	1.30	0.00	0.00
10.60	29.60	28.80	25.40	23.30	2.70	1.00	0.00	0.00
10.70	29.50	28.80	25.40	23.30	2.70	1.20	0.00	0.00
10.80	29.50	28.80	25.40	23.30	2.60	1.00	0.00	0.00
10.90	29.70	28.80	25.40	23.50	2.60	0.90	0.00	0.00
11.00	29.70	28.80	25.40	23.50	3.00	0.90	0.00	0.00
11.10	29.50	28.70	25.30	23.20	2.60	1.20	0.00	0.00
11.20	29.60	28.60	25.10	23.20	2.90	1.20	3.44	0.00
11.30	29.60	28.60	25.10	23.20	3.20	1.00	9.56	0.00
11.40	29.50	28.70	25.20	23.20	2.70	1.30	12.24	0.00
11.50	29.60	28.70	25.40	23.50	2.90	1.00	13.69	0.00
11.60	29.60	28.70	25.40	23.50	3.20	0.90	14.74	0.00
11.70	29.80	28.80	25.40	23.30	3.80	0.90	15.06	0.00
11.80	29.80	28.80	25.40	23.40	3.20	0.90	15.10	0.00
11.90	29.80	28.80	25.40	23.40	3.20	0.90	15.08	0.00
12.00	29.90	28.70	25.20	23.40	2.90	1.00	15.07	0.00
12.10	29.90	28.80	25.40	23.40	2.90	0.70	15.05	0.00
12.20	29.90	28.80	25.40	23.40	3.20	1.00	16.49	0.00
12.30	30.00	28.70	25.30	23.20	3.20	0.70	19.10	0.00
12.40	30.00	28.70	25.20	23.30	3.80	0.90	22.04	0.00
12.50	30.00	28.70	25.20	23.30	3.50	0.40	25.41	0.00
12.60	30.30	28.70	25.20	23.30	3.70	0.60	28.13	0.00
12.70	30.30	28.80	25.40	23.40	3.70	1.00	32.72	0.00
12.80	30.30	28.80	25.40	23.40	3.70	0.70	35.28	0.00
12.90	30.50	28.80	25.30	23.30	3.70	0.70	36.64	0.00
13.00	30.70	28.80	25.40	23.40	4.10	0.90	38.44	0.00
13.10	30.70	28.80	25.40	23.40	4.00	1.00	38.89	0.00
13.20	30.70	28.70	25.40	23.30	4.30	1.00	39.75	0.00
13.30	31.10	28.70	25.40	23.50	4.70	0.90	41.52	0.00
13.40	31.10	28.70	25.40	23.50	4.90	1.00	43.46	0.00
13.50	31.10	28.60	25.20	23.30	4.90	1.00	47.06	0.00
13.60	31.10	28.60	25.20	23.30	3.80	1.20	49.26	0.00
13.70	31.20	28.70	25.30	23.30	5.20	1.00	49.84	0.00
13.80	31.60	28.60	25.30	23.30	5.20	1.00	49.96	0.00
13.90	31.60	28.60	25.30	23.30	5.20	1.00	49.97	0.00
14.00	31.70	28.80	25.30	23.40	5.50	0.90	49.98	0.00
14.10	31.70	28.80	25.30	23.40	5.50	0.90	49.99	0.00
14.20	32.00	28.60	25.30	23.40	5.80	0.90	50.00	0.00
14.30	32.20	28.60	25.30	23.30	5.70	1.00	49.99	0.00
14.40	32.20	28.60	25.30	23.30	6.40	1.00	50.00	0.00
14.50	32.40	28.80	25.50	23.40	6.30	1.00	49.99	0.00
14.60	32.50	28.60	25.30	23.30	6.60	0.90	49.99	0.00
14.70	32.50	28.60	25.30	23.30	6.40	1.00	49.99	0.00
14.80	32.70	28.70	25.30	23.30	6.40	1.00	49.99	0.00
14.90	32.80	28.60	25.30	23.30	6.90	0.70	50.00	0.00
15.00	32.80	28.60	25.30	23.30	7.00	0.90	50.01	0.00
15.10	32.80	28.60	25.40	23.30	7.00	1.20	50.00	0.00
15.20	33.00	28.80	25.30	23.40	7.30	0.70	50.00	0.00
15.30	33.00	28.80	25.30	23.40	7.00	0.90	50.00	0.00
15.40	33.20	28.60	25.20	23.40	7.30	1.00	49.99	0.00
15.50	33.10	28.70	25.30	23.30	7.70	1.00	50.00	0.00
15.60	33.10	28.70	25.30	23.30	7.50	0.90	49.99	0.00
15.70	33.30	28.60	25.20	23.20	7.50	0.90	49.99	0.00
15.80	33.30	28.60	25.20	23.20	8.00	0.30	49.99	0.00
15.90	33.30	28.70	25.30	23.30	8.10	-0.20	49.99	0.00
16.00	33.60	28.70	25.50	23.40	8.60	0.90	49.99	0.00
16.10	33.60	28.70	25.50	23.40	8.60	0.90	49.99	0.00
16.20	33.40	28.60	25.30	23.30	8.40	1.20	49.97	0.00
16.30	33.50	28.60	25.40	23.20	8.60	0.70	49.99	0.00
16.40	33.50	28.60	25.40	23.20	9.00	0.70	50.00	0.00
16.50	33.70	28.60	25.20	23.30	9.20	0.70	49.99	0.00
16.60	33.70	28.70	25.30	23.30	9.30	1.20	49.99	0.00
16.70	33.70	28.70	25.30	23.30	9.30	1.20	50.01	0.00
16.80	34.00	28.70	25.40	23.40	9.50	1.00	50.00	0.00
16.90	33.80	28.60	25.20	23.30	9.70	0.90	49.99	0.00
17.00	33.80	28.60	25.20	23.30	9.80	1.00	49.97	0.00
17.10	33.70	28.60	25.20	23.30	10.00	1.00	50.00	0.00
17.20	33.70	28.60	25.20	23.30	10.00	1.00	50.00	0.00
17.30	34.00	28.70	25.30	23.40	10.30	0.60	49.99	0.00
17.40	34.00	28.80	25.30	23.30	10.40	0.90	50.01	0.00
17.50	34.00	28.80	25.30	23.30	10.90	1.00	49.98	0.00
17.60	34.00	28.70	25.40	23.40	10.60	0.90	50.01	0.00
17.70	34.00	28.70	25.40	23.40	10.60	0.90	50.02	0.00
17.80	34.00	28.70	25.40	23.40	10.90	0.90	50.01	0.00
17.90	34.10	28.70	25.40	23.30	10.70	1.00	50.03	0.00
18.00	34.20	28.70	25.40	23.30	10.90	0.70	50.02	0.00
18.10	34.20	28.70	25.40	23.30	11.50	1.00	50.01	0.00
18.20	34.20	28.70	25.20	23.30	11.30	1.00	50.03	0.00
18.30	34.20	28.70	25.30	23.30	11.50	1.30	50.03	0.00
18.40	34.20	28.70	25.30	23.30	12.00	1.20	50.02	0.00
18.50	34.10	28.60	25.30	23.30	11.70	1.00	50.03	0.00
18.60	34.20	28.60	25.30	23.30	11.70	1.00	50.02	0.00
18.70	34.20	28.60	25.30	23.30	11.70	1.00	50.02	0.00
18.80	34.20	28.70	25.40	23.40	12.30	0.90	50.02	0.00
18.90	34.20	28.70	25.40	23.40	12.60	1.00	50.01	0.00
19.00	34.30	28.60	25.30	23.30	12.70	1.00	50.01	0.00
19.10	34.30	28.80	25.40	23.40	12.70	1.00	50.03	0.00
19.20	34.30	28.80	25.40	23.40	12.70	1.00	50.01	0.00
19.30	34.40	28.80	25.40	23.40	12.90	1.20	50.01	0.00
19.40	34.20	28.60	25.20	23.20	12.90	0.60	50.02	0.00
19.50	34.20	28.60	25.20	23.20	13.20	1.00	50.03	0.00
19.60	34.30	28.70	25.30	23.30	13.20	1.00	50.02	0.00
19.70	34.30	28.60	25.30	23.30	13.50	0.90	50.03	0.00
19.80	34.30	28.60	25.30	23.30	13.80	1.20	50.03	0.00
19.90	34.30	28.70	25.30	23.10	13.70	0.60	50.01	0.00
20.00	34.30	28.70	25.40	23.40	14.00	0.90	50.02	0.00
20.10	34.30	28.70	25.40	23.40	14.10	1.70	50.01	0.00
20.20	34.30	28.60	25.40	23.30	14.10	1.20	50.02	0.00
20.30	34.40	28.70	25.30	23.30	14.40	1.00	50.02	0.00
20.40	34.40	28.70	25.30	23.30	14.40	1.00	50.02	0.00
20.50	34.30	28.70	25.40	23.40	14.40	1.00	50.01	0.00
20.60	34.30	28.70	25.40	23.40	14.90	1.30	50.02	0.00
20.70	34.30	28.60	25.30	23.40	14.90	0.70	50.02	0.00
20.80	34.20	28.60	25.20	23.30	15.00	1.20	50.02	0.00
20.90	34.20	28.60	25.20	23.30	15.20	1.20	50.02	0.00
21.00	34.40	28.70	25.30	23.40	15.20	0.90	50.03	0.00
21.10	34.40	28.70	25.30	23.40	15.30	0.90	50.02	0.00
21.20	34.40	28.70	25.30	23.40	15.70	0.70	50.02	0.00
21.30	34.40	28.60	25.30	23.30	15.70	1.00	50.02	0.00
21.40	34.30	28.60	25.30	23.30	15.70	1.00	50.02	0.00
21.50	34.30	28.60	25.30	23.30	16.30	1.00	50.02	0.00
21.60	34.40	28.70	25.30	23.40	16.00	1.00	50.02	0.00
21.70	34.30	28.70	25.20	23.40	16.10	1.20	50.02	0.00
21.80	34.30	28.70	25.20	23.40	16.70	1.30	50.02	0.00
21.90	34.40	28.70	25.40	23.30	16.40	0.90	50.02	0.00
22.00	34.30	28.60	25.30	23.30	16.70	0.40	50.02	0.00
22.10	34.30	28.60	25.30	23.30	16.90	1.20	50.02	0.00
22.20	34.50	28.60	25.40	23.40	16.90	1.00	50.02	0.00
22.30	34.50	28.60	25.30	23.30	16.90	1.00	50.02	0.00
22.40	34.50	28.60	25.30	23.30	17.20	0.90	50.02	0.00
22.50	34.40	28.60	25.30	23.30	17.50	0.90	50.02	0.00
22.60	34.40	28.60	25.30	23.30	17.40	0.70	50.03	0.00
22.70	34.50	28.70	25.30	23.30	17.70	1.20	50.02	0.00
22.80	34.50	28.70	25.40	23.40	17.20	1.20	50.02	0.00
22.90	34.50	28.70	25.40	23.40	17.70	1.00	50.02	0.00
23.00	34.60	28.70	25.40	23.30	18.10	0.10	50.02	0.00
23.10	34.60	28.70	25.30	23.40	17.80	0.90	50.02	0.00
23.20	34.60	28.70	25.30	23.40	18.40	0.90	50.02	0.00
23.30	34.60	28.70	25.40	23.30	18.40	0.90	50.02	0.00
23.40	34.60	28.70	25.40	23.40	18.60	1.00	50.03	0.00
23.50	34.60	28.70	25.40	23.40	18.60	0.90	50.02	0.00
23.60	34.40	28.60	25.30	23.30	18.90	1.00	50.02	0.00
23.70	34.60	28.60	25.30	23.30	19.20	1.30	50.02	0.00
23.80	34.60	28.60	25.30	23.30	19.20	0.60	50.03	0.00
23.90	34.70	28.70	25.40	23.50	19.40	0.90	50.03	0.00
24.00	34.70	28.70	25.40	23.50	18.90	1.00	50.02	0.00
24.10	34.60	28.60	25.40	23.30	19.50	1.20	50.03	0.00
24.20	34.50	28.70	25.30	23.40	19.50	1.20	50.03	0.00
24.30	34.50	28.70	25.30	23.40	19.80	0.90	50.03	0.00
24.40	34.50	28.60	25.50	23.50	20.00	1.00	50.02	0.00
24.50	34.60	28.70	25.30	23.40	20.30	0.90	50.02	0.00
24.60	34.60	28.70	25.30	23.40	20.30	1.20	50.03	0.00
24.70	34.40	28.50	25.30	23.40	20.30	0.30	50.03	0.00
24.80	34.50	28.70	25.30	23.30	20.40	1.00	50.03	0.00
24.90	34.50	28.70	25.30	23.30	20.40	1.00	50.03	0.00
25.00	34.60	28.60	25.30	23.40	20.40	1.00	50.03	0.00
25.10	34.50	28.60	25.20	23.40	20.40	1.00	50.03	0.00
25.20	34.50	28.60	25.20	23.40	21.00	0.00	50.03	0.00
25.30	34.60	28.60	25.40	23.30	21.40	1.00	50.03	0.00
25.40	34.60	28.60	25.40	23.30	22.10	1.00	50.03	0.00
25.50	34.50	28.60	25.30	23.40	21.20	1.00	50.04	0.00
25.60	34.50	28.60	25.40	23.30	21.50	0.70	50.03	0.00
25.70	34.50	28.60	25.40	23.30	22.00	0.90	50.02	0.00
25.80	34.60	28.70	25.40	23.30	21.80	0.90	50.03	0.00
25.90	34.60	28.70	25.40	23.30	21.80	1.00	50.03	0.00
26.00	34.60	28.70	25.40	23.30	22.30	0.30	50.03	0.00
26.10	34.60	28.60	25.50	23.40	22.30	0.30	50.03	0.00
26.20	34.70	28.60	25.40	23.30	22.10	0.90	50.02	0.00
26.30	34.70	28.60	25.40	23.30	22.70	1.00	50.03	0.00
26.40	34.60	28.60	25.20	23.30	22.70	1.00	50.03	0.00
26.50	34.50	28.70	25.30	23.30	23.20	1.20	50.03	0.00
26.60	34.50	28.70	25.30	23.30	23.00	0.90	50.03	0.00
26.70	34.60	28.50	25.30	23.20	23.50	0.90	50.02	0.00
26.80	34.60	28.50	25.30	23.20	23.40	1.00	50.03	0.00
26.90	34.60	28.60	25.30	23.30	22.00	0.90	50.03	0.00
27.00	34.60	28.60	25.30	23.40	22.00	0.90	50.03	0.00
27.10	34.60	28.60	25.30	23.40	23.80	1.00	50.03	0.00
27.20	34.70	28.70	25.40	23.40	23.80	0.90	50.03	0.00
27.30	34.60	28.60	25.20	23.30	24.00	0.90	50.03	0.00
27.40	34.60	28.60	25.20	23.30	23.80	1.00	50.04	0.00
27.50	34.70	28.60	25.20	23.30	24.00	1.00	50.03	0.00
27.60	34.70	28.60	25.20	23.30	24.30	0.90	50.04	0.00
27.70	34.60	28.60	25.30	23.40	24.30	1.00	50.03	0.00
27.80	34.50	28.50	25.30	23.30	24.70	0.60	50.03	0.00
27.90	34.50	28.50	25.30	23.30	24.70	0.60	50.04	0.00
28.00	34.60	28.70	25.30	23.30	25.00	1.00	50.03	0.00
28.10	34.70	28.70	25.30	23.30	25.00	0.70	50.04	0.00
28.20	34.70	28.70	25.30	23.30	25.00	1.00	50.03	0.00
28.30	34.80	28.60	25.30	23.40	25.00	1.20	50.03	0.00
28.40	34.50	28.70	25.30	23.20	25.20	0.90	50.04	0.00
28.50	34.50	28.70	25.30	23.20	25.70	1.30	50.03	0.00
28.60	34.80	28.70	25.40	23.30	26.00	0.90	50.04	0.00
28.70	34.60	28.60	25.20	23.30	25.80	1.00	50.03	0.00
28.80	34.60	28.60	25.20	23.30	25.50	1.00	50.03	0.00
28.90	34.70	28.60	25.40	23.40	25.50	1.00	49.99	0.00
29.00	34.70	28.60	25.40	23.40	26.30	0.90	50.02	0.00
29.10	34.60	28.60	25.20	23.30	26.60	1.20	50.03	0.00
29.20	34.70	28.60	25.50	23.30	26.40	1.20	50.03	0.00
29.30	34.70	28.60	25.50	23.30	26.60	1.00	50.02	0.00
29.40	34.60	28.60	25.30	23.20	26.60	1.00	50.02	0.00
29.50	34.70	28.60	25.40	23.30	26.90	1.00	50.02	0.00
29.60	34.70	28.60	25.40	23.30	27.00	1.00	50.02	0.00
29.70	34.80	28.60	25.40	23.40	26.90	1.00	50.03	0.00
29.80	34.70	28.50	25.40	23.30	27.40	0.70	50.02	0.00
29.90	34.70	28.50	25.40	23.30	27.40	0.70	50.02	0.00
30.00	34.50	28.50	25.30	23.40	27.40	1.20	50.03	0.00
30.10	34.70	28.60	25.30	23.40	27.80	0.90	50.03	0.00
30.20	34.60	28.60	25.30	23.30	27.70	1.00	50.02	0.00
30.30	34.60	28.60	25.30	23.30	27.80	0.60	50.02	0.00
30.40	34.60	28.50	25.40	23.30	28.10	2.10	50.03	0.00
30.50	34.60	28.50	25.40	23.30	28.10	1.50	50.03	0.00
30.60	34.60	28.60	25.30	23.30	28.70	1.00	50.03	0.00
30.70	34.70	28.60	25.30	23.30	28.30	0.90	50.03	0.00
30.80	34.70	28.60	25.30	23.30	28.30	0.90	50.03	0.00
30.90	34.70	28.60	25.20	23.30	29.00	1.00	50.03	0.00
31.00	34.50	28.60	25.30	23.20	29.00	1.20	50.03	0.00
31.10	34.50	28.60	25.30	23.20	29.40	0.90	50.03	0.00
31.20	34.50	28.60	25.20	23.30	29.40	1.50	50.03	0.00
31.30	34.80	28.70	25.30	23.50	29.40	1.00	50.03	0.00
31.40	34.80	28.70	25.30	23.50	29.80	1.00	50.03	0.00
31.50	34.50	28.70	25.40	23.30	29.40	0.90	50.04	0.00
31.60	34.50	28.70	25.40	23.30	29.70	1.00	50.02	0.00
31.70	34.80	28.60	25.40	23.50	29.70	1.00	50.02	0.00
31.80	34.60	28.60	25.40	23.30	30.00	0.90	50.03	0.00
31.90	34.60	28.60	25.40	23.30	30.00	1.00	50.03	0.00
32.00	34.70	28.70	25.50	23.50	30.40	1.00	50.03	0.00
32.10	34.70	28.70	25.30	23.40	30.60	0.90	50.03	0.00
32.20	34.70	28.70	25.30	23.40	30.60	0.90	50.03	0.00
32.30	34.80	28.70	25.40	23.40	31.10	1.00	50.03	0.00
32.40	34.70	28.70	25.40	23.30	30.70	0.70	50.03	0.00
32.50	34.70	28.70	25.40	23.30	30.90	1.00	50.04	0.00
32.60	34.60	28.50	25.30	23.40	31.40	0.70	50.03	0.00
32.70	34.80	28.50	25.50	23.30	31.40	0.70	50.03	0.00
32.80	34.80	28.50	25.50	23.30	31.50	0.90	50.03	0.00
32.90	34.60	28.60	25.40	23.50	31.40	0.90	50.03	0.00
33.00	34.70	28.60	25.30	23.30	31.80	1.00	50.04	0.00
33.10	34.70	28.60	25.30	23.30	32.10	1.20	50.02	0.00
33.20	34.70	28.70	25.30	23.30	32.30	0.70	50.03	0.00
33.30	34.70	28.70	25.30	23.30	32.30	1.00	50.04	0.00
33.40	34.80	28.50	25.30	23.30	32.30	1.00	50.03	0.00
33.50	34.70	28.70	25.50	23.50	32.60	1.00	50.03	0.00
33.60	34.70	28.70	25.50	23.50	32.60	1.00	50.03	0.00
33.70	34.70	28.70	25.40	23.30	32.70	2.00	50.03	0.00
33.80	34.60	28.60	25.30	23.40	32.60	1.00	50.05	0.00
33.90	34.60	28.60	25.30	23.40	33.50	1.00	50.03	0.00
34.00	34.70	28.70	25.30	23.20	33.20	0.90	50.03	0.00
34.10	34.70	28.60	25.30	23.30	33.10	0.90	50.03	0.00
34.20	34.70	28.60	25.30	23.30	33.70	1.30	50.03	0.00
34.30	34.70	28.60	25.20	23.30	33.40	1.00	50.04	0.00
34.40	34.60	28.70	25.40	23.40	35.20	0.90	50.03	0.00
34.50	34.60	28.70	25.40	23.40	34.00	0.90	50.03	0.00
34.60	34.60	28.50	25.30	23.40	34.00	0.90	50.04	0.00
34.70	34.60	28.50	25.30	23.40	33.20	0.90	50.03	0.00
34.80	34.60	28.60	25.30	23.20	34.00	0.70	50.03	0.00
34.90	34.60	28.60	25.40	23.40	34.10	1.20	50.03	0.00
35.00	34.60	28.60	25.40	23.40	34.10	1.20	50.03	0.00
35.10	34.50	28.50	25.30	23.20	34.40	1.00	50.03	0.00
35.20	34.60	28.60	25.30	23.40	34.60	0.90	50.03	0.00
35.30	34.60	28.60	25.30	23.40	34.70	1.00	50.03	0.00
35.40	34.70	28.60	25.40	23.40	34.90	1.20	50.03	0.00
35.50	34.60	28.50	25.30	23.30	34.90	1.20	50.03	0.00
35.60	34.60	28.50	25.30	23.30	35.10	1.00	50.03	0.00
35.70	34.70	28.60	25.40	23.40	34.90	1.20	50.03	0.00
35.80	34.70	28.60	25.30	23.30	35.70	1.20	50.03	0.00
35.90	34.70	28.60	25.30	23.30	35.70	0.70	50.03	0.00
36.00	34.80	28.70	25.40	23.40	35.80	0.70	50.03	0.00
36.10	34.80	28.70	25.30	23.50	35.80	1.80	50.04	0.00
36.20	34.80	28.70	25.30	23.50	36.00	1.20	50.03	0.00
36.30	34.60	28.70	25.40	23.40	36.60	1.00	50.04	0.00
36.40	34.60	28.70	25.40	23.40	36.60	1.00	50.03	0.00
36.50	34.60	28.60	25.30	23.30	36.60	1.00	50.03	0.00
36.60	34.70	28.70	25.40	23.50	36.70	1.00	50.04	0.00
36.70	34.70	28.70	25.40	23.50	37.10	1.00	50.03	0.00
36.80	34.70	28.50	25.30	23.40	36.90	0.90	50.03	0.00
36.90	34.60	28.70	25.40	23.40	37.10	1.00	50.02	0.00
37.00	34.60	28.70	25.40	23.40	36.90	1.20	50.03	0.00
37.10	34.60	28.50	25.30	23.40	37.50	0.90	50.02	0.00
37.20	34.70	28.60	25.50	23.30	37.50	1.00	50.05	0.00
37.30	34.70	28.60	25.50	23.30	37.40	0.90	50.03	0.00
37.40	34.60	28.60	25.30	23.30	37.40	0.90	50.04	0.00
37.50	34.60	28.60	25.40	23.30	38.00	1.00	50.04	0.00
37.60	34.60	28.60	25.40	23.30	38.10	1.20	50.03	0.00
37.70	34.80	28.60	25.40	23.40	38.10	1.70	50.03	0.00
37.80	34.60	28.60	25.30	23.30	38.10	0.90	50.03	0.00
37.90	34.60	28.60	25.30	23.30	38.30	1.20	50.04	0.00
38.00	34.70	28.60	25.30	23.40	38.70	1.80	50.03	0.00
38.10	34.80	28.60	25.50	23.50	38.70	0.70	50.03	0.00
38.20	34.80	28.60	25.50	23.50	38.60	1.20	50.04	0.00
38.30	34.60	28.60	25.30	23.30	38.60	1.20	50.03	0.00
38.40	34.60	28.60	25.30	23.30	39.10	1.00	50.03	0.00
38.50	34.70	28.60	25.30	23.40	38.90	1.00	50.03	0.00
38.60	34.60	28.50	25.20	23.40	39.50	1.20	50.04	0.00
38.70	34.60	28.50	25.20	23.40	39.40	1.20	50.04	0.00
38.80	34.70	28.60	25.30	23.30	39.50	1.00	50.04	0.00
38.90	34.70	28.60	25.30	23.30	39.70	1.30	50.04	0.00
39.00	34.60	28.60	25.40	23.30	39.70	1.20	50.04	0.00
39.10	34.60	28.60	25.40	23.40	39.50	0.70	50.03	0.00
39.20	34.60	28.60	25.40	23.40	40.10	0.10	50.03	0.00
39.30	34.70	28.60	25.40	23.50	40.60	1.00	50.03	0.00
39.40	34.70	28.70	25.50	23.40	40.90	0.90	50.03	0.00
39.50	34.70	28.70	25.50	23.40	40.60	1.20	50.03	0.00
39.60	34.60	28.60	25.40	23.30	40.90	1.20	50.03	0.00
39.70	34.60	28.60	25.40	23.30	40.90	0.40	50.04	0.00
39.80	34.60	28.70	25.40	23.30	40.90	0.70	50.03	0.00
39.90	34.60	28.70	25.40	23.30	41.20	1.20	50.03	0.00
40.00	34.70	28.60	25.40	23.30	41.20	0.60	50.04	0.00
40.10	34.70	28.50	25.40	23.30	41.50	1.00	50.03	0.00
40.20	34.70	28.50	25.40	23.30	41.50	1.00	50.03	0.00
40.30	34.70	28.60	25.40	23.40	41.50	1.00	50.03	0.00
40.40	34.70	28.60	25.40	23.30	41.80	1.00	50.03	0.00
40.50	34.70	28.60	25.40	23.30	42.00	0.60	50.03	0.00
40.60	34.60	28.60	25.30	23.30	42.30	1.00	50.04	0.00
40.70	34.60	28.60	25.30	23.30	42.30	1.00	50.04	0.00
40.80	34.60	28.60	25.30	23.30	42.40	1.00	50.04	0.00
40.90	34.60	28.60	25.30	23.30	42.40	0.90	50.03	0.00
41.00	34.60	28.60	25.30	23.30	42.40	0.10	50.03	0.00
41.10	34.60	28.60	25.30	23.20	42.70	1.00	50.03	0.00
41.20	34.50	28.60	25.40	23.30	42.70	1.00	50.04	0.00
41.30	34.50	28.60	25.40	23.30	43.10	0.70	50.04	0.00
41.40	34.70	28.70	25.50	23.50	43.70	0.90	50.04	0.00
41.50	34.60	28.60	25.40	23.30	43.20	0.90	50.04	0.00
41.60	34.60	28.60	25.40	23.30	42.90	0.90	50.04	0.00
41.70	34.70	28.70	25.40	23.40	43.50	1.00	50.04	0.00
41.80	34.60	28.50	25.30	23.20	43.50	1.20	50.03	0.00
41.90	34.60	28.50	25.30	23.20	44.10	0.90	50.04	0.00
42.00	34.70	28.70	25.50	23.40	44.30	-0.30	50.04	0.00
42.10	34.70	28.60	25.40	23.30	44.30	-0.30	50.04	0.00
42.20	34.70	28.60	25.40	23.30	44.40	1.00	50.03	0.00
42.30	34.60	28.50	25.40	23.30	44.10	1.30	50.03	0.00
42.40	34.60	28.50	25.40	23.30	44.60	1.00	50.03	0.00
42.50	34.40	28.60	25.40	23.40	44.60	0.90	50.04	0.00
42.60	34.60	28.60	25.30	23.60	44.90	2.60	50.04	0.00
42.70	34.60	28.60	25.30	23.60	44.90	1.00	50.04	0.00
42.80	34.70	28.60	25.30	23.30	45.20	1.00	50.04	0.00
42.90	34.70	28.70	25.40	23.40	45.40	1.00	50.03	0.00
43.00	34.70	28.70	25.40	23.40	45.40	0.70	50.04	0.00
43.10	34.60	28.60	25.40	23.40	45.40	0.70	50.04	0.00
43.20	34.60	28.60	25.40	23.40	45.80	1.00	50.04	0.00
43.30	34.70	28.60	25.40	23.30	45.80	0.10	50.04	0.00
43.40	34.60	28.60	25.40	23.40	45.70	1.30	50.04	0.00
43.50	34.60	28.60	25.40	23.40	46.00	0.40	50.04	0.00
43.60	34.60	28.70	25.50	23.30	46.10	1.20	50.04	0.00
43.70	34.60	28.60	25.40	23.50	46.90	1.00	50.04	0.00
43.80	34.60	28.60	25.40	23.50	46.40	0.90	50.03	0.00
43.90	34.60	28.50	25.30	23.50	46.40	0.90	50.03	0.00
44.00	34.60	28.60	25.40	23.30	46.40	0.90	50.03	0.00
44.10	34.60	28.60	25.40	23.30	46.90	1.00	50.03	0.00
44.20	34.50	28.60	25.30	23.50	47.20	0.90	50.03	0.00
44.30	34.50	28.60	25.30	23.50	47.40	1.00	50.03	0.00
44.40	34.50	28.60	25.50	23.40	47.50	0.90	50.04	0.00
44.50	34.70	28.60	25.40	23.40	47.40	1.00	50.03	0.00
44.60	34.70	28.60	25.40	23.40	47.50	1.20	50.03	0.00
44.70	34.50	28.50	25.30	23.40	47.70	1.00	50.03	0.00
44.80	34.50	28.60	25.40	23.30	47.80	1.00	50.04	0.00
44.90	34.50	28.60	25.40	23.30	48.10	1.20	50.04	0.00
45.00	34.50	28.60	25.30	23.30	48.10	1.20	50.03	0.00
45.10	34.50	28.50	25.40	23.20	48.60	1.00	50.04	0.00
45.20	34.50	28.50	25.40	23.20	48.30	0.90	50.04	0.00
45.30	34.50	28.60	25.50	23.40	48.40	0.90	50.04	0.00
45.40	34.50	28.60	25.40	23.40	48.60	1.50	50.03	0.00
45.50	34.50	28.60	25.40	23.40	48.80	1.20	50.03	0.00
45.60	34.50	28.60	25.40	23.30	48.80	0.90	50.03	0.00
45.70	34.60	28.80	25.40	23.40	49.20	1.20	50.04	0.00
45.80	34.50	28.60	25.30	23.30	49.20	1.20	50.03	0.00
45.90	34.50	28.60	25.30	23.30	49.20	1.20	50.04	0.00
46.00	34.60	28.70	25.50	23.50	49.50	0.70	50.03	0.00
46.10	34.60	28.70	25.50	23.50	49.70	1.20	50.03	0.00
46.20	34.50	28.60	25.40	23.30	49.40	0.10	50.03	0.00
46.30	34.50	28.60	25.40	23.30	49.40	0.70	50.04	0.00
46.40	34.50	28.60	25.40	23.30	50.10	1.20	50.03	0.00
46.50	34.60	28.60	25.40	23.30	50.30	1.00	50.03	0.00
46.60	34.50	28.60	25.40	23.30	51.40	0.70	50.03	0.00
46.70	34.50	28.60	25.40	23.30	49.50	1.30	50.03	0.00
46.80	34.50	28.60	25.50	23.50	49.50	1.30	50.03	0.00
46.90	34.60	28.60	25.40	23.30	50.80	1.30	50.04	0.00
47.00	34.60	28.60	25.40	23.30	50.80	1.20	50.04	0.00
47.10	34.50	28.60	25.40	23.40	50.90	0.90	50.03	0.00
47.20	34.50	28.50	25.40	23.40	50.90	0.70	50.04	0.00
47.30	34.50	28.50	25.40	23.40	51.10	0.10	50.03	0.00
47.40	34.60	28.60	25.40	23.30	51.50	1.00	50.04	0.00
47.50	34.50	28.60	25.30	23.30	52.10	1.00	50.04	0.00
47.60	34.50	28.60	25.30	23.30	51.50	0.70	50.04	0.00
47.70	34.50	28.60	25.30	23.30	52.40	0.90	50.04	0.00
47.80	34.60	28.60	25.40	23.40	52.40	0.90	50.04	0.00
47.90	34.60	28.60	25.40	23.40	52.10	1.30	50.03	0.00
48.00	34.50	28.70	25.40	23.40	51.50	1.00	50.04	0.00
48.10	34.40	28.60	25.30	23.20	52.10	1.00	50.04	0.00
48.20	34.40	28.60	25.30	23.20	52.90	0.90	50.04	0.00
48.30	34.50	28.60	25.30	23.40	53.20	1.00	50.04	0.00
48.40	34.50	28.60	25.40	23.50	52.30	1.20	50.04	0.00
48.50	34.50	28.60	25.40	23.50	52.80	1.00	50.04	0.00
48.60	34.40	28.30	25.20	23.20	52.90	0.90	50.03	0.00
48.70	34.40	28.30	25.20	23.20	52.90	0.90	50.04	0.00
48.80	34.40	28.60	25.40	23.30	52.40	0.90	50.03	0.00
48.90	34.50	28.60	25.40	23.30	53.20	0.60	50.03	0.00
49.00	34.50	28.60	25.40	23.30	53.50	1.20	50.04	0.00
49.10	34.40	28.40	25.30	23.30	53.70	1.20	50.04	0.00
49.20	34.50	28.40	25.40	23.40	53.70	1.30	50.04	0.00
49.30	34.50	28.40	25.40	23.40	53.70	1.00	50.04	0.00
49.40	34.30	28.60	25.30	23.30	54.10	1.20	50.04	0.00
49.50	34.30	28.40	25.30	23.20	54.30	1.70	50.05	0.00
49.60	34.30	28.40	25.30	23.20	54.30	1.70	50.03	0.00
49.70	34.40	28.50	25.30	23.20	54.30	1.20	50.04	0.00
49.80	34.40	28.60	25.50	23.40	54.40	1.20	50.04	0.00
49.90	34.40	28.60	25.50	23.40	54.40	1.20	50.05	0.00
50.00	34.40	28.60	25.40	23.40	55.10	1.20	50.04	0.00
50.10	34.40	28.60	25.40	23.30	55.50	0.90	50.04	0.00
50.20	34.40	28.60	25.40	23.30	55.40	1.20	50.04	0.00
50.30	34.40	28.50	25.40	23.30	55.10	0.90	50.04	0.00
50.40	34.60	28.50	25.30	23.30	55.50	0.70	50.04	0.00
50.50	34.60	28.50	25.30	23.30	55.50	0.70	50.05	0.00
50.60	34.30	28.50	25.40	23.30	55.50	0.30	50.05	0.00
50.70	34.30	28.50	25.40	23.30	56.30	1.20	50.04	0.00
50.80	34.40	28.60	25.40	23.40	55.80	1.00	50.04	0.00
50.90	34.40	28.60	25.30	23.30	56.30	1.00	50.05	0.00
51.00	34.40	28.60	25.30	23.30	55.80	1.20	50.04	0.00
51.10	34.50	28.50	25.40	23.30	56.10	1.20	50.05	0.00
51.20	34.40	28.50	25.30	23.30	56.40	0.70	50.05	0.00
51.30	34.40	28.50	25.30	23.30	56.80	1.00	50.04	0.00
51.40	34.40	28.60	25.40	23.40	56.80	1.00	50.04	0.00
51.50	34.30	28.60	25.30	23.30	56.90	0.90	50.05	0.00
51.60	34.30	28.60	25.30	23.30	56.90	0.90	50.05	0.00
51.70	34.30	28.60	25.40	23.30	56.30	0.90	50.05	0.00
51.80	34.30	28.60	25.40	23.30	57.50	0.60	50.05	0.00
51.90	34.40	28.50	25.30	23.40	57.50	1.20	50.05	0.00
52.00	34.40	28.50	25.40	23.30	57.40	1.00	50.05	0.00
52.10	34.40	28.50	25.40	23.30	57.80	0.60	50.05	0.00
52.20	34.30	28.60	25.40	23.40	58.00	1.00	50.05	0.00
52.30	34.30	28.50	25.30	23.20	57.40	1.20	50.05	0.00
52.40	34.30	28.50	25.30	23.20	57.40	1.20	50.04	0.00
52.50	34.30	28.60	25.40	23.40	58.30	1.30	50.04	0.00
52.60	34.40	28.50	25.40	23.40	58.50	1.20	50.05	0.00
52.70	34.40	28.50	25.40	23.40	58.50	0.70	50.05	0.00
52.80	34.30	28.60	25.40	23.40	58.90	1.30	50.05	0.00
52.90	34.40	28.60	25.50	23.50	58.00	0.90	50.05	0.00
53.00	34.40	28.60	25.50	23.50	58.50	1.20	50.05	0.00
53.10	34.30	28.60	25.40	23.30	59.10	0.90	50.04	0.00
53.20	34.30	28.60	25.40	23.30	59.20	1.20	50.05	0.00
53.30	34.40	28.60	25.50	23.40	60.60	1.00	50.05	0.00
53.40	34.30	28.60	25.40	23.40	60.60	1.00	50.05	0.00
53.50	34.30	28.60	25.40	23.40	59.80	0.90	50.04	0.00
53.60	34.30	28.50	25.40	23.30	59.70	0.90	50.05	0.00
53.70	34.30	28.40	25.40	23.40	60.30	0.90	50.04	0.00
53.80	34.30	28.40	25.40	23.40	60.10	0.90	50.03	0.00
53.90	34.40	28.50	25.40	23.30	60.00	0.90	50.05	0.00
54.00	34.30	28.50	25.30	23.10	60.30	1.30	50.04	0.00
54.10	34.30	28.50	25.30	23.10	60.60	1.30	50.05	0.00
54.20	34.40	28.70	25.40	23.40	60.60	1.00	50.04	0.00
54.30	34.30	28.40	25.40	23.30	60.60	1.00	50.05	0.00
54.40	34.30	28.40	25.40	23.30	60.90	1.30	50.04	0.00
54.50	34.20	28.50	25.40	23.30	61.20	0.70	50.05	0.00
54.60	34.20	28.50	25.40	23.30	61.40	1.00	50.04	0.00
54.70	34.40	28.60	25.40	23.30	61.40	1.00	50.04	0.00
54.80	34.50	28.70	25.40	23.40	61.50	1.20	50.04	0.00
54.90	34.50	28.70	25.40	23.40	62.00	0.90	50.04	0.00
55.00	34.30	28.60	25.40	23.20	61.70	1.20	50.04	0.00
55.10	34.40	28.70	25.50	23.50	61.70	0.90	50.06	0.00
55.20	34.40	28.70	25.50	23.50	62.10	0.60	50.05	0.00
55.30	34.40	28.60	25.40	23.40	62.10	0.60	50.04	0.00
55.40	34.40	28.60	25.40	23.40	62.00	1.00	50.04	0.00
55.50	34.40	28.60	25.40	23.40	62.50	0.90	50.04	0.00
55.60	34.30	28.50	25.40	23.40	62.50	0.90	50.04	0.00
55.70	34.30	28.60	25.40	23.30	62.50	1.00	50.05	0.00
55.80	34.30	28.60	25.40	23.30	62.80	0.90	50.04	0.00
55.90	34.30	28.50	25.30	23.40	63.10	1.00	50.04	0.00
56.00	34.30	28.50	25.30	23.40	63.10	0.90	50.04	0.00
56.10	34.20	28.50	25.40	23.40	62.60	0.70	50.03	0.00
56.20	34.30	28.60	25.40	23.40	63.10	1.00	50.04	0.00
56.30	34.30	28.60	25.40	23.40	63.10	1.00	50.04	0.00
56.40	34.40	28.70	25.40	23.40	63.50	1.30	50.03	0.00
56.50	34.10	28.50	25.30	23.30	63.50	1.00	50.04	0.00
56.60	34.10	28.50	25.30	23.30	63.80	1.00	50.03	0.00
56.70	34.10	28.50	25.20	23.10	64.10	0.70	50.03	0.00
56.80	34.10	28.50	25.20	23.10	64.10	0.90	50.04	0.00
56.90	34.30	28.60	25.40	23.40	64.10	0.90	50.03	0.00
57.00	34.30	28.60	25.50	23.30	64.30	1.00	50.03	0.00
57.10	34.30	28.60	25.50	23.30	64.30	2.30	50.04	0.00
57.20	34.30	28.60	25.40	23.30	64.30	2.30	50.03	0.00
57.30	34.20	28.50	25.30	23.30	64.80	1.00	50.03	0.00
57.40	34.20	28.50	25.30	23.30	64.90	1.00	50.03	0.00
57.50	34.30	28.60	25.40	23.40	65.10	1.50	50.03	0.00
57.60	34.10	28.60	25.40	23.40	65.20	0.90	50.04	0.00
57.70	34.10	28.60	25.40	23.40	65.40	1.00	50.03	0.00
57.80	34.30	28.60	25.40	23.30	65.50	0.60	50.03	0.00
57.90	34.30	28.60	25.40	23.30	65.70	1.20	50.02	0.00
58.00	34.30	28.60	25.40	23.30	66.00	0.90	50.03	0.00
58.10	34.30	28.70	25.30	23.40	65.80	1.00	50.03	0.00
58.20	34.30	28.70	25.30	23.40	66.10	1.30	50.03	0.00
58.30	34.30	28.40	25.40	23.20	66.10	1.20	50.02	0.00
58.40	34.20	28.50	25.30	23.30	66.30	1.00	50.02	0.00
58.50	34.20	28.50	25.30	23.30	66.50	1.00	50.03	0.00
58.60	34.30	28.50	25.40	23.30	66.60	1.00	50.03	0.00
58.70	34.20	28.70	25.50	23.40	66.90	0.90	50.02	0.00
58.80	34.20	28.70	25.50	23.40	66.90	0.90	50.02	0.00
58.90	34.50	28.70	25.50	23.50	67.10	1.00	50.02	0.00
59.00	34.30	28.60	25.50	23.40	67.10	1.20	50.02	0.00
59.10	34.30	28.60	25.50	23.40	67.10	1.20	50.02	0.00
59.20	34.30	28.50	25.30	23.50	67.20	1.20	50.02	0.00
59.30	34.10	28.50	25.40	23.30	67.50	1.20	50.02	0.00
59.40	34.10	28.50	25.40	23.30	67.80	1.00	50.02	0.00
59.50	34.20	28.60	25.40	23.40	67.70	1.30	50.02	0.00
59.60	34.20	28.70	25.40	23.30	68.00	1.00	50.01	0.00
59.70	34.20	28.70	25.40	23.30	68.10	1.00	50.01	0.00
59.80	34.20	28.50	25.40	23.30	68.30	1.00	50.02	0.00
59.90	34.20	28.50	25.30	23.30	68.10	0.70	50.01	0.00
60.00	34.20	28.50	25.30	23.30	68.10	0.90	50.01	0.00
60.10	34.20	28.60	25.40	23.30	68.50	1.20	50.00	0.00
60.20	34.20	28.50	25.40	23.30	68.60	0.60	50.01	0.00
60.30	34.20	28.50	25.40	23.30	69.10	0.90	50.01	0.00
60.40	34.30	28.60	25.40	23.40	68.90	1.00	50.00	0.00
60.50	34.10	28.60	25.40	23.40	69.40	0.90	50.01	0.00
60.60	34.10	28.60	25.40	23.40	69.40	1.00	50.00	0.00
60.70	34.20	28.60	25.40	23.30	69.20	1.30	50.00	0.00
60.80	34.10	28.50	25.40	23.20	69.70	1.20	50.00	0.00
60.90	34.10	28.50	25.40	23.20	69.50	0.90	49.99	0.00
61.00	34.20	28.60	25.40	23.40	69.50	0.90	49.99	0.00
61.10	34.20	28.60	25.40	23.40	69.80	0.90	49.99	0.00
61.20	34.10	28.50	25.40	23.30	70.10	1.20	49.99	0.00
61.30	34.10	28.60	25.40	23.30	70.30	1.20	49.99	0.00
61.40	34.10	28.60	25.40	23.30	71.40	0.70	49.99	0.00
61.50	34.20	28.60	25.50	23.30	70.50	0.70	49.98	0.00
61.60	34.00	28.50	25.40	23.40	70.30	0.90	47.85	0.00
61.70	34.00	28.50	25.40	23.40	70.50	0.60	38.30	0.00
61.80	34.10	28.50	25.40	23.40	70.30	1.30	18.01	0.00
61.90	34.10	28.50	25.40	23.40	70.30	1.30	10.86	0.00
62.00	33.90	28.50	25.30	23.30	70.30	1.00	7.69	0.00
62.10	33.90	28.50	25.50	23.40	70.10	1.00	5.75	0.00
62.20	33.90	28.50	25.50	23.40	70.30	0.70	4.43	0.00
62.30	33.80	28.50	25.50	23.40	70.00	1.20	3.53	0.00
62.40	33.60	28.50	25.40	23.30	70.30	1.50	2.89	0.00
62.50	33.60	28.50	25.40	23.30	70.00	1.00	2.40	0.00
62.60	33.50	28.70	25.40	23.30	70.00	0.90	2.03	0.00
62.70	33.40	28.50	25.40	23.40	70.00	0.60	1.73	0.00
62.80	33.40	28.50	25.40	23.40	70.00	1.00	1.48	0.00
62.90	33.20	28.60	25.40	23.30	70.00	1.00	1.26	0.00
63.00	33.20	28.60	25.40	23.30	69.70	1.00	1.08	0.00
63.10	33.00	28.50	25.40	23.30	70.00	0.70	0.94	0.00
63.20	33.00	28.50	25.40	23.50	70.30	-0.30	0.81	0.00
63.30	33.00	28.50	25.40	23.50	71.40	1.30	0.71	0.00
63.40	32.90	28.40	25.40	23.40	69.80	1.00	0.62	0.00
63.50	32.90	28.50	25.40	23.50	69.70	0.40	0.55	0.00
63.60	32.90	28.50	25.40	23.50	69.80	0.70	0.48	0.00
63.70	32.70	28.60	25.40	23.50	70.00	1.00	0.43	0.00
63.80	32.70	28.50	25.50	23.50	70.10	0.90	0.38	0.00
63.90	32.70	28.50	25.50	23.50	69.70	1.20	0.33	0.00
64.00	32.50	28.40	25.30	23.30	70.00	0.90	0.30	0.00
64.10	32.50	28.50	25.40	23.40	69.70	1.30	0.26	0.00
64.20	32.50	28.50	25.40	23.40	69.50	1.00	0.23	0.00
64.30	32.40	28.60	25.50	23.40	69.70	1.20	0.21	0.00
64.40	32.30	28.50	25.50	23.30	69.80	1.00	0.18	0.00
64.50	32.30	28.50	25.50	23.30	69.80	1.00	0.16	0.00
64.60	32.40	28.50	25.40	23.40	69.40	1.00	0.14	0.00
64.70	32.30	28.60	25.40	23.30	69.40	1.20	0.12	0.00
64.80	32.30	28.60	25.40	23.30	69.40	1.20	0.11	0.00
64.90	32.30	28.60	25.50	23.40	70.00	0.90	0.10	0.00
65.00	32.20	28.70	25.50	23.50	69.80	1.20	0.09	0.00
65.10	32.20	28.70	25.50	23.50	69.50	1.00	0.07	0.00
65.20	32.10	28.60	25.40	23.40	69.80	0.60	0.07	0.00
65.30	32.10	28.50	25.40	23.40	69.80	1.00	0.06	0.00
65.40	32.10	28.50	25.40	23.40	69.80	0.90	0.04	0.00
65.50	32.10	28.50	25.40	23.30	69.20	0.90	0.04	0.00
65.60	32.00	28.50	25.40	23.50	69.70	1.00	0.03	0.00
65.70	32.00	28.50	25.40	23.50	69.70	1.00	0.02	0.00
65.80	31.90	28.50	25.50	23.40	70.00	1.00	0.02	0.00
65.90	32.00	28.50	25.50	23.30	69.80	1.00	0.01	0.00
66.00	32.00	28.50	25.50	23.30	69.50	0.90	0.01	0.00
66.10	31.90	28.50	25.30	23.40	69.80	0.90	0.00	0.00
66.20	31.90	28.50	25.30	23.40	69.70	1.00	0.00	0.00
66.30	31.80	28.60	25.50	23.40	69.70	0.90	-0.01	0.00
66.40	31.80	28.60	25.50	23.30	69.80	0.70	-0.01	0.00
66.50	31.80	28.60	25.50	23.30	69.40	1.00	-0.02	0.00
66.60	32.00	28.50	25.50	23.40	69.40	1.00	-0.02	0.00
66.70	31.80	28.60	25.40	23.40	69.50	2.10	-0.02	0.00
66.80	31.80	28.60	25.40	23.40	69.80	1.20	-0.02	0.00
66.90	31.90	28.60	25.50	23.40	69.50	0.90	-0.02	0.00
67.00	31.70	28.50	25.40	23.30	69.70	1.20	-0.03	0.00
67.10	31.70	28.50	25.40	23.30	69.40	0.30	-0.03	0.00
67.20	31.80	28.50	25.40	23.40	69.50	1.00	-0.03	0.00
67.30	31.70	28.60	25.40	23.40	69.80	1.20	-0.03	0.00
67.40	31.70	28.60	25.40	23.40	69.70	1.00	-0.04	0.00
67.50	31.70	28.50	25.40	23.20	69.70	1.00	-0.04	0.00
67.60	31.70	28.50	25.40	23.20	69.70	1.00	-0.04	0.00
67.70	31.50	28.50	25.40	23.20	69.80	1.50	-0.04	0.00
67.80	31.60	28.50	25.50	23.30	69.50	1.20	-0.04	0.00
67.90	31.60	28.50	25.50	23.30	69.80	0.70	-0.04	0.00
68.00	31.40	28.40	25.30	23.40	69.50	0.90	-0.04	0.00
68.10	31.60	28.60	25.50	23.40	70.10	1.50	-0.08	0.00
68.20	31.60	28.60	25.50	23.40	69.40	1.20	-0.09	0.00
68.30	31.50	28.60	25.40	23.40	69.40	1.00	-0.09	0.00
68.40	31.60	28.50	25.50	23.40	70.00	1.00	-0.09	0.00
68.50	31.60	28.50	25.50	23.40	70.00	1.00	-0.09	0.00
68.60	31.60	28.60	25.40	23.50	69.80	0.70	-0.09	0.00
68.70	31.50	28.50	25.30	23.30	69.50	0.90	-0.09	0.00
68.80	31.50	28.50	25.30	23.30	69.70	1.00	-0.09	0.00
68.90	31.40	28.50	25.40	23.30	69.50	1.30	-0.09	0.00
69.00	31.50	28.60	25.50	23.50	69.70	0.90	-0.09	0.00
69.10	31.50	28.60	25.50	23.50	69.20	1.00	-0.08	0.00
69.20	31.50	28.50	25.50	23.30	69.80	1.00	-0.02	0.00
69.30	31.50	28.50	25.50	23.30	70.00	1.00	0.00	0.00
69.40	31.40	28.60	25.60	23.40	69.20	0.90	0.00	0.00
69.50	31.50	28.60	25.50	23.50	69.20	0.90	0.00	0.00
69.60	31.50	28.60	25.50	23.50	69.40	1.30	0.00	0.00
69.70	31.30	28.50	25.50	23.40	69.20	1.30	0.00	0.00
69.80	31.30	28.50	25.50	23.40	69.70	0.90	0.00	0.00
69.90	31.50	28.60	25.60	23.50	69.50	1.20	0.00	0.00
70.00	31.40	28.60	25.50	23.40	70.00	1.00	0.00	0.00
70.10	31.40	28.60	25.50	23.40	69.80	1.00	0.00	0.00
70.20	31.30	28.60	25.40	23.40	70.00	0.90	0.00	0.00
70.30	31.20	28.50	25.40	23.30	69.70	1.30	0.00	0.00
70.40	31.20	28.50	25.40	23.30	69.50	1.00	0.00	0.00
70.50	31.30	28.60	25.50	23.40	69.50	1.00	0.00	0.00
70.60	31.20	28.50	25.40	23.50	69.40	1.00	0.00	0.00
70.70	31.20	28.50	25.40	23.50	69.40	0.90	0.01	0.00
70.80	31.20	28.50	25.30	23.40	69.40	0.90	0.01	0.00
70.90	31.20	28.50	25.50	23.30	69.50	1.30	0.01	0.00
71.00	31.20	28.50	25.50	23.30	69.50	0.90	0.01	0.00
71.10	31.40	28.60	25.50	23.40	69.80	1.30	0.01	0.00
71.20	31.30	28.50	25.50	23.30	69.20	1.20	0.00	0.00
71.30	31.30	28.50	25.50	23.30	69.40	1.00	0.00	0.00
71.40	31.20	28.50	25.40	23.40	69.40	1.00	0.01	0.00
71.50	31.20	28.50	25.60	23.50	69.70	0.90	0.01	0.00
71.60	31.20	28.50	25.60	23.50	69.70	1.00	0.01	0.00
71.70	31.20	28.50	25.50	23.40	70.00	0.90	0.01	0.00
71.80	31.10	28.40	25.40	23.30	69.40	1.20	0.01	0.00
71.90	31.10	28.40	25.40	23.30	69.50	1.00	0.01	0.00
72.00	31.20	28.50	25.40	23.40	69.70	1.20	0.01	0.00
72.10	31.10	28.50	25.40	23.50	69.40	1.00	0.01	0.00
72.20	31.10	28.50	25.40	23.50	71.10	0.90	0.01	0.00
72.30	31.10	28.50	25.40	23.40	69.50	1.00	0.01	0.00
72.40	31.10	28.50	25.40	23.40	69.50	1.00	0.01	0.00
72.50	31.10	28.50	25.50	23.30	69.40	0.90	0.00	0.00
72.60	31.00	28.40	25.40	23.30	69.50	1.00	0.01	0.00
72.70	31.00	28.40	25.40	23.30	69.70	1.00	0.01	0.00
72.80	31.10	28.40	25.40	23.30	69.40	1.20	0.01	0.00
72.90	31.20	28.50	25.50	23.50	69.70	1.20	0.01	0.00
73.00	31.20	28.50	25.50	23.50	69.80	0.90	0.01	0.00
73.10	31.00	28.50	25.50	23.50	69.10	0.90	0.01	0.00
73.20	31.10	28.50	25.50	23.40	69.50	0.90	0.01	0.00
73.30	31.10	28.50	25.50	23.40	69.50	1.20	0.01	0.00
73.40	31.00	28.40	25.40	23.40	69.50	1.20	0.00	0.00
73.50	31.00	28.40	25.40	23.30	69.50	1.20	0.01	0.00
73.60	31.00	28.40	25.40	23.30	69.40	0.10	0.01	0.00
73.70	31.00	28.50	25.50	23.30	69.80	1.00	0.01	0.00
73.80	31.00	28.40	25.40	23.40	69.40	1.20	0.01	0.00
73.90	31.00	28.40	25.40	23.40	69.80	0.90	0.01	0.00
74.00	31.10	28.50	25.50	23.50	69.40	1.00	0.01	0.00
74.10	31.10	28.50	25.50	23.50	69.20	1.20	0.01	0.00
74.20	31.10	28.50	25.50	23.40	69.50	0.90	0.01	0.00
74.30	30.90	28.40	25.30	23.40	69.50	0.90	0.01	0.00
74.40	30.90	28.40	25.30	23.40	69.80	1.00	0.00	0.00
74.50	31.00	28.50	25.50	23.30	69.50	0.70	0.00	0.00
74.60	31.00	28.60	25.50	23.50	69.20	0.90	0.00	0.00
74.70	31.00	28.60	25.50	23.50	69.50	1.00	0.00	0.00
74.80	30.90	28.50	25.30	23.40	69.50	1.00	0.01	0.00
74.90	30.90	28.50	25.30	23.40	68.50	0.70	0.01	0.00
75.00	31.00	28.50	25.40	23.30	69.50	1.00	0.01	0.00
75.10	30.90	28.40	25.50	23.40	69.50	1.20	0.01	0.00
75.20	30.90	28.40	25.50	23.40	69.10	0.90	0.01	0.00
75.30	30.90	28.40	25.50	23.40	69.40	0.40	0.01	0.00
75.40	31.10	28.60	25.50	23.50	69.40	1.80	0.01	0.00
75.50	31.10	28.60	25.50	23.50	69.70	1.00	0.01	0.00
75.60	30.80	28.50	25.30	23.30	69.70	1.00	0.01	0.00
75.70	30.80	28.50	25.30	23.30	69.50	1.30	0.01	0.00
75.80	31.00	28.50	25.50	23.50	69.50	1.20	0.01	0.00
75.90	30.80	28.50	25.40	23.40	69.40	1.30	0.01	0.00
76.00	30.80	28.50	25.40	23.40	69.50	0.60	0.01	0.00
76.10	30.80	28.50	25.40	23.30	69.70	1.00	0.01	0.00
76.20	30.80	28.50	25.50	23.40	69.70	1.00	0.01	0.00
76.30	30.80	28.50	25.50	23.40	69.40	0.90	0.01	0.00
76.40	30.80	28.40	25.30	23.40	69.40	1.20	0.01	0.00
76.50	30.90	28.60	25.40	23.40	69.50	0.90	0.01	0.00
76.60	30.90	28.60	25.40	23.40	69.50	1.50	0.01	0.00
76.70	30.70	28.40	25.30	23.50	69.70	1.00	0.01	0.00
76.80	30.90	28.40	25.50	23.40	69.50	1.00	0.01	0.00
76.90	30.90	28.40	25.50	23.40	69.50	0.40	0.01	0.00
77.00	30.90	28.50	25.50	23.50	69.50	0.90	0.01	0.00
77.10	30.90	28.50	25.50	23.50	69.50	0.90	0.01	0.00
77.20	30.80	28.60	25.40	23.30	69.10	0.90	0.01	0.00
77.30	30.90	28.50	25.50	23.50	68.90	1.30	0.01	0.00
77.40	30.90	28.50	25.50	23.50	69.40	1.00	0.01	0.00
77.50	30.90	28.50	25.30	23.40	69.80	1.00	0.01	0.00
77.60	30.80	28.50	25.50	23.30	69.40	2.60	0.01	0.00
77.70	30.80	28.50	25.50	23.30	70.00	0.70	0.01	0.00
77.80	30.80	28.50	25.60	23.50	69.50	0.30	0.01	0.00
77.90	30.70	28.60	25.50	23.40	69.50	0.10	0.01	0.00
